1650
1735
1790
1907
1943
2044
2083
2131
2184
2129
1624
1413
1424
1464
1405
1398
1407
1420
1432
1502
1520
1536
1536
1571
1571
1605
1628
1641
1641
1707
1715
1749
1769
1769
1787
1812
1826
1844
1853
1872
1900
1907
1914
1940
1950
1831
1600
1434
1420
1392
1382
1435
1299
1381
1324
1333
1344
1346
1350
1357
1359
1359
1355
1360
1383
1388
1411
1431
1449
1470
1464
1491
1491
1518
1527
1529
1542
1550
1550
1578
1591
1608
1611
1626
1627
1648
1641
1659
1665
1673
1673
1681
1704
1654
1641
1643
1627
1627
1625
1627
1627
1648
1616
1613
1596
1611
1616
1617
1632
1616
1640
1668
1672
1691
1690
1690
1694
1719
1709
1710
1723
1732
1730
1729
1734
1740
1740
1752
1741
1741
1741
1750
1756
1741
1741
1743
1741
1732
1729
1731
1731
1741
1726
1717
1734
1734
1719
1706
1721
1723
1711
1717
1716
1716
1702
1705
1705
1702
1708
1699
1706
1711
1704
1709
1708
1700
1706
1716
1716
1708
1705
1718
1712
1709
1727
1713
1711
1711
1710
1725
1724
1719
1713
1730
1726
1728
1734
1730
1725
1732
1738
1738
1727
1727
1734
1726
1723
1728
1728
1729
1735
1722
1711
1718
1725
1707
1686
1666
1666
1726
1646
1646
1635
1617
1619
1599
1578
1578
1580
1570
1615
1615
1546
1556
1556
1553
1555
1552
1547
1549
1549
1553
1560
1559
1559
1552
1551
1550
1545
1529
1517
1517
1513
1503
1505
1503
1501
1490
1490
1491
1491
1494
1478
1473
1473
1477
1471
1472
1472
1472
1470
1460
1458
1434
1437
1430
1430
1393
1408
1419
1431
1431
1257
1078
1141
1030
985
1259
1680
1780
1792
1792
1779
1762
1765
1765
1751
1739
1733
1748
1731
1729
1741
1746
1746
1755
1750
1763
1781
1781
1798
1799
1799
1815
1830
1829
1832
1845
1851
1860
1860
1868
1875
1886
1883
1882
1892
1892
1895
1888
1906
1898
1900
1907
1907
1912
1925
1917
1935
1942
1942
1943
1944
1944
1962
1965
1980
1996
1549
1549
1439
1435
1466
1465
1385
1500
1537
1537
1416
1456
1467
1474
1485
1489
1489
1494
1495
1502
1504
1510
1510
1513
1517
1520
1519
1526
1526
1520
1523
1524
1524
1532
1532
1544
1544
1537
1537
1535
1529
1529
1526
1520
1523
1520
1518
1522
1520
1518
1515
1512
1516
1509
1511
1511
1511
1519
1519
1516
1511
1514
1514
1512
1516
1516
1523
1522
1533
1533
1535
1535
1529
1533
1529
1534
1537
1534
1548
1542
1543
1542
1532
1532
1538
1534
1545
1536
1534
1534
1531
1517
1522
1522
1519
1519
1518
1511
1511
1510
1507
1500
1498
1498
1494
1494
1489
1484
1479
1479
1473
1472
1469
1469
1475
1470
1472
1469
1459
1459
1458
1453
1449
1455
1453
1456
1443
1443
1443
1435
1442
1443
1434
1431
1435
1440
1426
1426
1424
1430
1434
1434
1426
1423
1428
1422
1396
1396
1211
1063
1114
1022
902
1167
1167
1854
1718
1785
1827
1741
1741
1809
1776
1762
1765
1765
1770
1779
1769
1769
1770
1767
1767
1768
1770
1779
1790
1787
1787
1786
1795
1791
1787
1795
1807
1807
1803
1806
1808
1808
1809
1812
1812
1818
1818
1820
1818
1820
1818
1818
1824
1823
1824
1834
1834
1831
1835
1828
1834
1834
1823
1822
1820
1827
1827
1837
1840
1843
1839
1833
1828
1843
1843
1856
1857
1851
1849
1848
1853
1868
1868
1865
1864
1880
1900
1900
1924
1955
1955
1983
2031
2068
2121
2162
2198
2259
2394
2394
2433
2470
2518
2518
2570
2611
2639
2664
2664
2687
2722
2755
2780
2776
2776
2757
2767
2741
2749
2749
2735
2714
2722
2722
2706
2489
2218
1987
2002
1942
2002
2002
1939
1941
1934
1939
1939
1921
1923
1924
1902
1902
1911
1899
1894
1894
1897
1889
1885
1895
1895
1891
1878
1880
1880
1886
1870
1883
1880
1880
1869
1871
1871
1876
1872
1860
1864
1871
1871
1872
1858
1860
1867
1880
1872
1872
1865
1871
1879
1873
1867
1870
1882
1872
1868
1878
1875
1865
1866
1878
1878
1867
1865
1865
1865
1864
1869
1867
1867
1859
1864
1873
1863
1870
1870
1855
1857
1867
1867
1860
1861
1852
1861
1861
1851
1854
1861
1858
1857
1857
1840
1841
1844
1844
1848
1847
1841
1834
1829
1829
1822
1821
1821
1813
1813
1807
1807
1807
1801
1801
1801
1797
1804
1804
1796
1795
1797
1794
1785
1785
1791
1789
1793
1784
1784
1788
1788
1791
1788
1788
1786
1785
1788
1788
1789
1790
1790
1789
1789
1793
1793
1794
1794
1801
1795
1799
1799
1803
1807
1804
1806
1806
1807
1814
1817
1811
1811
1815
1824
1824
1834
1829
1833
1830
1830
1831
1834
1835
1847
1847
1849
1841
1841
1850
1843
1847
1850
1860
1860
1856
1846
1849
1849
1848
1859
1855
1854
1847
1847
1846
1848
1858
1858
1862
1865
1852
1873
1870
1863
1874
1874
1887
1886
1882
1890
1890
1900
1895
1902
1902
1910
1902
1911
1915
1915
1914
1925
1925
1911
1923
1926
1925
1939
1930
1930
1751
1564
1498
1498
1488
1504
1519
1528
1479
1479
1495
1489
1490
1485
1484
1485
1484
1486
1486
1488
1483
1483
1488
1487
1484
1482
1482
1474
1474
1461
1442
1455
1450
1444
1444
1444
1444
1445
1451
1451
1416
1427
1431
1418
1419
1419
1423
1429
1429
1421
1420
1423
1428
1428
1417
1427
1420
1420
1432
1432
1425
1423
1423
1428
1436
1436
1429
1419
1425
1421
1421
1406
1392
1422
1422
1400
1399
1399
1392
1374
1374
1374
1364
1362
1338
1338
1346
1323
1358
1358
1284
1348
1316
1316
1314
1314
1317
1310
1310
1315
1314
1308
1308
1315
1302
1302
1308
1312
1312
1300
1306
1312
1312
1303
1311
1311
1306
1296
1296
1296
1282
1253
1294
1294
1289
1271
1271
1258
1253
1251
1249
1249
1154
963
963
818
794
796
796
796
790
938
1183
1537
1537
1499
1473
1460
1460
1452
1449
1448
1448
1446
1431
1417
1424
1424
1421
