2207
2207
2208
2208
2214
2199
2200
2218
2200
2207
2207
2219
2207
2227
2216
2208
2208
2215
2182
2182
2182
2194
2194
2188
2168
2171
2171
2174
2163
2150
2145
2156
2151
2142
2142
2132
2128
2128
2132
2129
2129
2129
2140
2139
2139
2138
2137
2137
2126
2129
2129
2129
2131
2133
2133
2147
2144
2144
2144
2138
2138
2136
2154
2154
2150
2149
2140
2140
2142
2150
2150
2163
2164
2164
2163
2157
2157
2163
2175
2175
2174
2162
2162
2169
2184
2184
2177
2165
2165
2171
2184
2180
2180
2168
2173
2172
2174
2174
2183
2177
2177
2171
2171
2178
2195
2190
2190
2182
2205
2193
2193
2189
2209
2207
2207
2198
2215
2210
2210
2197
2219
2219
2213
2213
2210
2223
2223
2206
2219
2228
2228
2213
2233
2233
2227
2216
2216
2230
2214
2214
2230
2225
2219
2219
2226
2214
2214
2232
2227
2217
2217
2226
2214
2214
2230
2210
2210
2221
2227
2227
2219
2223
2223
2228
2223
2223
2225
2213
2213
2232
2219
2219
2218
2222
2222
2207
2214
2214
2220
2213
2213
2224
2210
2210
2216
2226
2215
2231
2231
2220
2233
2233
2232
2222
2223
2241
2225
2239
2234
2234
2228
2233
2233
2231
2243
2223
2223
2240
2225
2231
2231
2239
2235
2235
2243
2240
2247
2247
2244
2250
2250
2246
2254
2254
2248
2248
2256
2252
2262
2262
2255
2263
2263
2256
2267
2267
2263
2259
2259
2275
2261
2277
2277
2266
2276
2273
2273
2265
2280
2268
2268
2283
2272
2272
2283
2287
2287
2276
2283
2280
2298
2279
2291
2291
2285
2283
2299
2299
2290
2290
2308
2308
2298
2292
2292
2306
2287
2287
2285
2286
2286
2249
2277
2277
2252
2265
2243
2243
2240
2225
2234
2215
2224
2199
2198
2198
2201
2180
2180
2178
2185
2185
2179
2168
2161
2161
2174
2167
2158
2158
2163
2175
2172
2172
2164
2166
2166
2185
2179
2174
2174
2174
2180
2182
2195
2195
2187
2181
2181
2187
2203
2203
2189
2197
2197
2214
2197
2197
2208
2219
2211
2211
2235
2235
2223
2241
2244
2244
2243
2250
2250
2242
2260
2260
2247
2253
2235
2239
2245
2234
2234
2252
2236
2236
2245
2237
2253
2253
2240
2253
2253
2242
2258
2258
2243
2255
2244
2244
2261
2246
2246
2258
2250
2265
2265
2253
2266
2266
2261
2273
2278
2278
2266
2266
2287
2279
2279
2287
2287
2281
2298
2298
2294
2293
2293
2312
2298
2303
2303
2307
2303
2303
2298
2310
2310
2311
2297
2297
2310
2314
2302
2306
2300
2298
2298
2314
2308
2308
2298
2316
2316
2322
2315
2315
2312
2328
2328
2335
2324
2324
2326
2326
2343
2350
2350
2338
2343
2343
2341
2354
2354
2367
2367
2349
2349
2357
2372
2372
2380
2377
2383
2383
2388
2389
2389
2391
2385
2385
2388
2393
2393
2397
2400
2400
2405
2406
2420
2420
2429
2430
2430
2434
2434
2437
2437
2429
2433
2440
2444
2459
2452
2452
2455
2461
2461
2475
2472
2466
2466
2469
2485
2484
2484
2472
2474
2488
2488
2491
2484
2502
2495
2495
2486
2486
2486
2494
2486
2486
2487
2502
2492
2496
2473
2482
2496
2473
2473
2477
2477
2487
2487
2487
2469
2475
2475
2489
2489
2487
2471
2475
2475
2489
2482
2482
2470
2470
2474
2496
2480
2480
2470
2470
2482
2475
2490
2490
2487
2478
2478
2480
2491
2491
2490
2490
2470
2480
2480
2480
2469
2469
2475
2484
2477
2463
2468
2477
2471
2471
2459
2457
2457
2465
2462
2464
2450
2457
2457
2459
2454
2438
2438
2440
2439
2441
2441
2450
2450
2450
2445
2430
2430
2428
2431
2430
2430
2443
2441
2441
2437
2437
2431
2424
2417
2417
2398
2384
2393
2385
2382
2382
2373
2376
2371
2371
2356
2351
2351
2342
2356
2356
2352
2354
2339
2339
2332
2338
2338
2354
2353
2351
2351
2338
2327
2327
2341
2339
2339
2329
2325
2339
2344
2328
2327
2339
2339
2340
2330
2330
2327
2324
2337
2337
2343
2343
2327
2325
2338
2341
2341
2328
2324
2324
2334
2334
2338
2338
2325
2323
2323
2335
2341
2319
2318
2316
2297
2311
2311
2308
2274
2274
2307
2331
2331
2314
2279
2307
2307
2309
2285
2285
2299
2276
2276
2286
2282
2277
2277
2290
2274
2274
2283
2282
2282
2289
2287
2276
2274
2274
2290
2279
2288
2288
2291
2274
2274
2292
2279
2279
2288
2291
2274
2286
2286
2277
2286
2286
2287
2275
2287
2287
2277
2286
2286
2298
2278
2285
2277
2293
2284
2291
2291
2299
2282
2298
2292
2292
2286
2308
2308
2299
2299
2310
2310
2318
2304
2304
2321
2328
2316
2321
2321
2333
2338
2330
2330
2336
2359
2366
2366
2355
2358
2358
2356
2358
2377
2377
2376
2382
2382
2384
2384
2386
2381
2381
2381
2385
2385
2385
2385
2391
2391
2392
2396
2396
2400
2400
2400
2401
2402
2404
2406
2408
2408
2408
2421
2420
2420
2423
2424
2424
2429
2425
2425
2425
2424
2417
2417
2413
2413
2411
2416
2416
2414
2423
2423
2418
2405
2423
2423
2428
2417
2412
2424
2413
2412
2412
2416
2406
2406
2412
2412
2412
2429
2385
2398
2398
2400
2396
2396
2394
2398
2398
2403
2399
2399
2398
2386
2386
2384
2383
2378
2378
2375
2360
2365
2371
2374
2378
2366
2366
2356
2351
2346
2346
2351
2353
2354
2354
2335
2327
2335
2335
2332
2328
2328
2306
2318
2315
2315
2297
2297
2305
2302
2290
2290
2294
2283
2269
2269
2277
2282
2259
2259
2274
2257
2257
2272
2252
2252
2261
2249
2254
2254
2245
2247
2247
2234
2249
2231
2231
2243
2223
2223
2241
2232
2225
2225
2213
2216
2216
2225
2213
2224
2224
2219
2208
2219
2219
2196
2201
2201
2204
2188
2188
2194
2195
2195
2187
2188
2192
2187
2187
2167
2169
2169
2173
2169
2169
2151
2158
2154
2154
2152
2137
2137
2142
2133
2133
2142
2139
2139
2131
2128
2128
2126
2125
2114
2114
2111
2111
2106
2106
2109
2111
2111
2109
2110
2110
2108
2107
