778
774
781
778
784
781
780
775
780
783
783
785
779
778
1551
1356
1173
1173
990
811
811
1005
1249
1292
1292
1315
1303
1303
1287
1294
1294
1376
1562
1562
1739
1739
1819
1780
1652
1652
1600
1826
1826
1899
2071
2071
2209
2380
2523
2523
2615
2635
2635
2494
2249
2012
1574
1621
1591
1591
1639
1639
1705
1779
1857
1857
1925
2017
2017
2097
2127
1981
1981
1765
1549
1549
1433
1477
1477
1442
1463
1503
1503
1540
1567
1584
1584
1621
1736
1773
1773
1814
1859
1859
1917
1940
1940
2003
2021
2021
2058
2058
2088
2094
1946
1946
1717
1559
1559
1572
1570
1570
1525
1683
1574
1574
1606
1603
1618
1618
1662
1696
1718
1718
1724
1744
1744
1764
1782
1782
1797
1819
1819
1827
1842
1842
1845
1863
1863
1878
1889
1889
1890
1897
1914
1914
1912
1930
1930
1907
1907
1735
1552
1496
1497
1525
1534
1505
1505
1491
1495
1495
1486
1486
1479
1474
1479
1479
1474
1478
1478
1479
1482
1485
1485
1488
1488
1486
1489
1494
1494
1488
1484
1488
1488
1487
1486
1484
1478
1470
1473
1473
1470
1467
1467
1466
1474
1474
1468
1471
1471
1472
1457
1455
1455
1452
1442
1442
1446
1441
1441
1424
1357
1169
1169
994
994
826
814
814
1600
1526
1493
1374
1374
1190
1009
1009
832
757
757
1284
1798
1798
1698
1656
1656
1637
1609
1571
1571
1544
1367
1367
1180
1009
1009
836
763
763
806
1084
1084
1624
1412
1365
1365
1296
1273
1273
1261
1249
1267
1267
1253
1267
1267
1309
1344
1415
1415
1472
1546
1546
1616
1616
1687
1756
1834
1834
1908
1983
1983
2057
2125
2125
2158
1650
1650
1461
1424
1458
1458
1436
1441
1441
1495
1519
1539
1539
1559
1592
1592
1630
1649
1698
1698
1730
1767
1791
1791
1847
1887
1887
1920
1955
1955
1989
2018
1779
1779
1583
1504
1504
1499
1508
1547
1527
1527
1534
1519
1540
1540
1559
1572
1572
1579
1596
1617
1617
1623
1656
1656
1656
1685
1692
1692
1705
1725
1745
1754
1773
1777
1777
1797
1799
1807
1807
1819
1828
1828
1837
1851
1851
1866
1866
1865
1877
1877
1892
1892
1892
1729
1519
1477
1477
1484
1507
1507
1539
1400
1400
1459
1465
1465
1302
1119
954
954
778
773
798
798
990
1371
1371
1624
1570
1421
1421
1235
1235
1047
874
752
752
926
1157
1157
1523
1660
1660
1520
1325
1325
963
759
794
794
798
783
783
778
809
911
911
1021
1117
1117
1217
1195
1020
1020
832
762
762
800
815
815
803
798
795
795
780
779
786
786
783
783
776
776
781
948
948
1300
1255
1339
1339
1440
1585
1585
1673
1731
1731
1740
1744
1744
1919
2050
2201
2201
2171
1912
1702
1702
1508
1315
1315
1214
1335
1394
1394
1459
1526
1526
1592
1657
1657
1751
1832
1832
1889
1977
1977
2034
2095
2095
2158
2198
2198
2164
1936
1725
1725
1515
1484
1484
1496
1482
1482
1512
1500
1500
1544
1609
1620
1620
1677
1702
1702
1742
1742
1787
1823
1859
1887
1887
1937
1937
1952
1977
1977
1890
1678
1495
1495
1483
1467
1467
1486
1535
1535
1512
1491
1491
1498
1524
1571
1582
1602
1602
1630
1645
1645
1671
1685
1705
1705
1716
1738
1738
1751
1751
1788
1794
1794
1806
1821
1821
1835
1857
1857
1863
1866
1866
1750
1545
1545
1464
1485
1529
1528
1528
1523
1498
1498
1484
1468
1468
1465
1461
1456
1456
1452
1454
1454
1467
1454
1447
1447
1454
1452
1452
1443
1441
1441
1441
1438
1438
1424
1429
1429
1429
1421
1422
1422
1415
1406
1406
1417
1408
1408
1399
1406
1405
1401
1401
1407
1406
1395
1395
1402
1404
1393
1393
1399
1393
1393
1383
1392
1392
1387
1390
1383
1383
1381
1378
1378
1379
1368
1374
1374
1365
1369
1369
1363
1365
1359
1359
1356
1362
1362
1351
1359
1349
1349
1361
1351
1359
1359
1350
1361
1353
1353
1360
1350
1350
1360
1354
1359
1357
1357
1361
1359
1369
1368
1368
1365
1372
1372
1362
1362
1371
1375
1375
1375
1381
1374
1374
1383
1376
1376
1383
1382
1382
1378
1389
1389
1387
1395
1395
1400
1402
1398
1398
1406
1410
1410
1403
1414
1414
1414
1409
1409
1416
1417
1417
1425
1421
1421
1419
1419
1429
1437
1437
1432
1429
1429
1438
1443
1443
1448
1443
1443
1440
1461
1461
1454
1458
1458
1455
1456
1456
1461
1464
1469
1469
1472
1470
1470
1466
1472
1466
1466
1469
1469
1464
1478
1474
1474
1479
1483
1483
1480
1480
1474
1470
1470
1472
1465
1465
1472
1470
1470
1472
1472
1472
1466
1465
1465
1458
1423
1423
1480
1479
1479
1450
1451
1451
1436
1436
1428
1421
1419
1413
1420
1421
1421
1413
1412
1398
1440
1358
1438
1438
1369
1431
1431
1375
1388
1388
1393
1387
1391
1391
1376
1388
1388
1379
1380
1380
1386
1375
1385
1380
1380
1374
1389
1389
1387
1381
1376
1380
1374
1378
1372
1372
1376
1376
1376
1367
1376
1376
1366
1371
1371
1369
1371
1371
1374
1366
1378
1378
1367
1376
1374
1374
1381
1385
1385
1374
1374
1388
1385
1381
1393
1396
1402
1399
1407
1407
1413
1409
1409
1408
1417
1417
1410
1410
1409
1422
1426
1426
1420
1420
1428
1428
1434
1429
1429
1429
1436
1443
1443
1444
1440
1436
1448
1448
1445
1444
1444
1450
1450
1450
1457
1460
1460
1452
1456
1456
1452
1452
1456
1466
1466
1467
1472
1472
1468
1468
1468
1464
1468
1466
1466
1468
1468
1477
1475
1476
1479
1476
1470
1470
1468
1466
1466
1464
1464
1464
1471
1471
1471
1473
1473
1464
1460
1460
1451
1434
1434
1446
1435
1435
1454
1439
1439
1292
1106
1106
929
796
796
793
782
1104
1509
1735
1737
1737
1730
1729
1729
1707
1708
1703
1703
1683
1685
1685
1667
1665
1664
1664
1635
1637
1637
1642
1620
