2208
2227
2225
2214
2227
2228
2241
2225
2229
2247
2233
2254
2240
2240
2263
2248
2256
2276
2263
2279
2276
2275
2276
2275
2291
2291
2315
2307
2309
2324
2335
2331
2331
2336
2336
2338
2339
2337
2349
2348
2350
2341
2336
2347
2350
2357
2345
2346
2338
2356
2341
2346
2355
2361
2366
2366
2354
2354
2354
2355
2366
2371
2375
2375
2378
2370
2370
2370
2375
2371
2371
2373
2375
2381
2383
2397
2402
2397
2397
2405
2406
2407
2409
2411
2410
2413
2406
2409
2410
2411
2420
2420
2409
2409
2437
2437
2430
2435
2417
2416
2416
2421
2421
2432
2428
2428
2428
2425
2418
2414
2418
2418
2413
2404
2404
2404
2402
2410
2409
2419
2429
2433
2437
2429
2438
2419
2419
2423
2419
2419
2419
2435
2431
2433
2418
2418
2416
2414
2415
2410
2409
2407
2407
2398
2401
2396
2396
2397
2396
2392
2397
2395
2393
2397
2396
2395
2393
2393
2379
2381
2379
2366
2366
2368
2368
2376
2384
2383
2393
2381
2369
2369
2366
2367
2367
2369
2381
2383
2381
2382
2391
2394
2397
2397
2399
2399
2386
2386
2387
2392
2400
2397
2397
2405
2401
2407
2403
2426
2422
2425
2431
2431
2430
2432
2421
2427
2425
2432
2437
2437
2447
2453
2453
2439
2465
2458
2451
2454
2458
2458
2469
2472
2457
2463
2479
2466
2476
2476
2491
2481
2484
2501
2483
2492
2504
2504
2501
2522
2515
2533
2533
2520
2541
2540
2532
2546
2540
2550
2543
2554
2551
2561
2558
2563
2563
2559
2564
2581
2572
2570
2592
2578
2591
2588
2588
2599
2604
2587
2606
2607
2595
2607
2619
2597
2597
2611
2610
2602
2623
2612
2601
2625
2620
2624
2610
2610
2623
2627
2616
2623
2623
2625
2616
2623
2627
2614
2610
2620
2631
2616
2609
2623
2623
2623
2618
2615
2617
2617
2616
2599
2612
2614
2599
2600
2609
2588
2594
2594
2574
2585
2571
2573
2564
2553
2568
2546
2560
2540
2552
2539
2524
2530
2516
2524
2520
2509
2521
2521
2496
2504
2504
2490
2493
2499
2486
2498
2494
2486
2500
2492
2481
2494
2489
2499
2496
2494
2502
2500
2491
2513
2505
2494
2509
2508
2501
2517
2517
2507
2511
2511
2500
2508
2513
2501
2501
2520
2518
2504
2509
2507
2521
2521
2514
2514
2522
2503
2513
2513
2518
2510
2525
2518
2526
2526
2513
2525
2515
2532
2513
2513
2515
2534
2511
2531
2525
2515
2529
2513
2523
2528
2528
2522
2520
2513
2524
2514
2521
2512
2519
2523
2510
2524
2504
2503
2523
2511
2502
2513
2501
2500
2519
2500
2504
2507
2494
2503
2503
2492
2511
2505
2505
2488
2507
2505
2505
2505
2503
2501
2484
2493
2501
2483
2489
2504
2491
2484
2497
2493
2475
2481
2498
2498
2477
2479
2493
2487
2475
2476
2476
2494
2474
2472
2492
2485
2477
2477
2473
2478
2478
2465
2483
2478
2478
2466
2470
2479
2476
2466
2465
2478
2476
2476
2460
2460
2463
2466
2455
2466
2462
2462
2452
2451
2451
2466
2463
2446
2454
2465
2457
2459
2444
2452
2461
2457
2450
2445
2458
2444
2450
2450
2454
2453
2459
2452
2445
2445
2448
2459
2454
2453
2443
2444
2445
2456
2454
2455
2444
2444
2443
2455
2437
2434
2442
2440
2440
2433
2434
2439
2447
2449
2441
2443
2429
2430
2434
2435
2441
2442
2437
2424
2428
2434
2426
2445
2445
2441
2433
2437
2422
2422
2427
2424
2428
2430
2437
2441
2437
2437
2437
2440
2423
2426
2430
2429
2444
2435
2428
2425
2431
2431
2429
2429
2442
2443
2439
2440
2425
2436
2431
2446
2444
2447
2447
2439
2439
2424
2426
2427
2431
2439
2435
2435
2420
2423
2425
2430
2425
2444
2444
2433
2433
2439
2427
2429
2433
2432
2445
2445
2443
2443
2444
2428
2435
2452
2445
2444
2433
2435
2438
2442
2447
2452
2452
2451
2438
2435
2439
2457
2454
2447
2444
2435
2437
2442
2442
2450
2450
2449
2439
2454
2453
2451
2451
2436
2439
2442
2443
2454
2450
2450
2450
2434
2434
2441
2454
2455
2447
2447
2447
2439
2440
2447
2447
2430
2434
2437
2451
2450
2443
2447
2447
2434
2438
2438
2437
2447
2449
2445
2432
2432
2438
2438
2437
2451
2452
2444
2435
2437
2452
2450
2453
2436
2438
2443
2457
2459
2454
2454
2449
2441
2443
2443
2459
2459
2452
2451
2441
2446
2446
2458
2458
2453
2445
2442
2451
2453
2450
2438
2438
2438
2444
2441
2453
2445
2444
2434
2434
2436
2439
2442
2446
2444
2444
2445
2432
2433
2435
2435
2453
2430
2430
2432
2434
2434
2434
2443
2442
2441
2440
2440
2428
2428
2430
2432
2447
2441
2440
2432
2431
2422
2419
2420
2418
2418
2424
2431
2426
2429
2429
2416
2415
2414
2414
2416
2422
2418
2419
2429
2429
2429
2427
2424
2425
2425
2423
2407
2411
2410
2410
2412
2410
2423
2422
2420
2420
2423
2417
2417
2419
2418
2418
2419
2404
2410
2403
2409
2403
2403
2408
2408
2409
2412
2421
2420
2421
2422
2422
2423
2423
2422
2422
2416
2413
2412
2412
2416
2414
2412
2414
2400
2403
2403
2401
2402
2401
2400
2399
2399
2399
2403
2403
2403
2401
2403
2403
2404
2406
2404
2411
2414
2414
2412
2414
2414
2416
2412
2415
2415
2408
2415
2411
2415
2412
2407
2414
2409
2413
2416
2413
2413
2404
2408
2407
2407
2409
2406
2411
2413
2416
2416
2416
2416
2428
2431
2427
2428
2428
2427
2427
2414
2414
2424
2435
2435
2438
2435
2439
2439
2435
2425
2423
2430
2433
2433
2446
2446
2439
2439
2439
2431
2432
2434
2439
2439
2450
2444
2449
2439
2457
2455
2451
2442
2440
2447
2460
2460
2459
2462
2447
2456
2473
2473
2463
2458
2465
2478
2472
2464
2469
2484
2483
2471
2492
2492
2477
2480
2495
2492
2492
2488
2499
2504
2486
2486
2508
2503
2490
2490
2511
2508
2497
2516
2508
2508
2504
2516
2498
2507
2516
2511
2511
2529
2512
2518
2527
2521
2521
2536
2522
2538
