1678
1669
1670
1680
1689
1698
1693
1705
1713
1715
1715
1716
1724
1742
1752
1764
1778
1778
1782
1813
1830
1839
1853
1859
1858
1858
1882
1893
1878
1878
1877
1876
1643
1643
1510
1493
1493
1533
1510
1493
1527
1527
1560
1510
1521
1528
1529
1535
1546
1546
1554
1548
1548
1546
1550
1558
1558
1566
1566
1563
1562
1560
1560
1562
1573
1573
1570
1565
1565
1566
1581
1581
1568
1579
1581
1578
1577
1590
1588
1576
1576
1590
1585
1580
1580
1580
1589
1583
1583
1580
1581
1581
1589
1575
1575
1580
1586
1584
1584
1572
1573
1573
1584
1573
1584
1577
1568
1574
1576
1576
1576
1567
1574
1574
1581
1576
1572
1572
1570
1576
1576
1573
1565
1568
1568
1565
1572
1576
1576
1561
1565
1575
1569
1574
1574
1569
1566
1555
1555
1558
1567
1567
1564
1562
1562
1553
1554
1554
1566
1556
1553
1553
1545
1550
1550
1549
1558
1558
1555
1555
1549
1549
1551
1557
1557
1546
1549
1548
1548
1556
1560
1560
1557
1544
1549
1549
1552
1560
1560
1552
1549
1540
1540
1540
1548
1548
1556
1554
1550
1541
1543
1546
1546
1554
1549
1543
1511
1515
1521
1521
1521
1515
1508
1506
1506
1500
1495
1497
1497
1515
1468
1498
1498
1487
1486
1486
1483
1476
1477
1477
1476
1476
1479
1480
1480
1477
1480
1472
1470
1470
1475
1468
1466
1464
1464
1477
1472
1468
1474
1474
1452
1443
1414
1414
1216
1004
800
800
744
766
835
1268
1268
1843
1760
1760
1791
1777
1769
1772
1772
1765
1760
1760
1767
1758
1758
1764
1755
1745
1742
1742
1741
1744
1744
1742
1737
1723
1739
1728
1728
1758
1718
1713
1713
1729
1719
1729
1714
1712
1712
1718
1728
1728
1714
1707
1718
1718
1705
1703
1703
1706
1708
1690
1690
1693
1685
1685
1680
1688
1674
1674
1673
1661
1660
1660
1660
1641
1630
1627
1627
1619
1621
1605
1605
1588
1588
1600
1597
1597
1562
1555
1545
1545
1541
1445
1445
1237
1150
1150
1169
1174
1174
1145
1215
1414
1414
1731
1943
1957
1871
1895
1889
1889
1884
1879
1879
1866
1883
1883
1865
1859
1859
1865
1861
1861
1876
1865
1868
1868
1865
1879
1879
1877
1882
1880
1880
1902
1893
1905
1919
1917
1921
1933
1941
1953
1953
1918
1977
1964
1964
1957
1958
1944
1970
1973
1973
1963
1982
1982
1985
1978
1961
1961
1874
1657
1448
1448
1478
1415
1415
1473
1410
1465
1473
1473
1468
1468
1482
1490
1490
1463
1472
1475
1472
1472
1481
1488
1486
1486
1495
1496
1496
1497
1505
1505
1505
1515
1510
1510
1512
1526
1532
1535
1538
1538
1548
1560
1556
1556
1552
1569
1569
1571
1571
1570
1568
1568
1570
1592
1592
1577
1579
1580
1580
1589
1587
1582
1582
1594
1599
1603
1603
1617
1619
1620
1634
1634
1635
1632
1641
1641
1634
1646
1637
1637
1651
1648
1659
1659
1653
1658
1658
1653
1665
1665
1657
1655
1655
1662
1650
1662
1662
1649
1662
1662
1647
1662
1650
1639
1639
1648
1636
1636
1629
1632
1632
1625
1630
1630
1614
1624
1614
1614
1606
1606
1618
1593
1599
1599
1605
1596
1596
1591
1593
1593
1587
1581
1581
1581
1581
1580
1579
1579
1572
1569
1564
1564
1563
1563
1557
1553
1548
1548
1549
1558
1558
1557
1549
1545
1545
1543
1543
1552
1555
1555
1547
1534
1526
1515
1515
1529
1509
1509
1312
1149
1028
1028
822
731
768
768
771
774
774
926
1006
1176
1176
1394
1699
1699
1991
1938
1942
1942
1909
1909
1903
1888
1888
1881
1870
1852
1848
1837
1837
1842
1833
1826
1826
1817
1804
1813
1813
1800
1828
1828
1808
1802
1802
1789
1808
1808
1803
1801
1801
1813
1813
1811
1815
1815
1814
1815
1816
1828
1842
1853
1847
1855
1855
1843
1843
1856
1856
1857
1877
1882
1882
1867
1881
1886
1886
1894
1896
1896
1915
1888
1894
1894
1851
1851
1626
1419
1333
1333
1361
1368
1354
1356
1348
1363
1363
1362
1371
1371
1373
1381
1377
1377
1388
1394
1394
1402
1397
1397
1412
1411
1411
1412
1430
1430
1440
1443
1448
1448
1450
1456
1476
1476
1483
1502
1509
1513
1513
1521
1530
1539
1539
1543
1543
1540
1558
1558
1576
1580
1580
1585
1602
1602
1607
1607
1611
1633
1633
1624
1649
1649
1643
1668
1668
1665
1683
1683
1676
1690
1699
1699
1693
1692
1692
1702
1698
1698
1693
1703
1703
1701
1691
1691
1700
1691
1685
1685
1697
1680
1680
1682
1680
1680
1674
1685
1685
1666
1671
1671
1674
1670
1662
1662
1671
1671
1670
1673
1673
1670
1669
1669
1683
1683
1669
1675
1666
1666
1675
1676
1676
1665
1673
1673
1670
1668
1668
1665
1665
1671
1681
1681
1668
1675
1675
1685
1679
1691
1690
1690
1701
1710
1710
1700
1710
1710
1721
1707
1707
1706
1716
1714
1714
1697
1697
1696
1731
1731
1670
1698
1698
1701
1681
1688
1681
1672
1672
1676
1676
1662
1674
1660
1660
1671
1663
1667
1667
1664
1668
1668
1668
1654
1662
1649
1648
1632
1632
1624
1624
1611
1613
1591
1591
1580
1556
1556
1550
1552
1552
1545
1531
1524
1524
1514
1504
1504
1490
1481
1481
1479
1470
1463
1463
1445
1424
1424
1299
1088
1088
875
875
757
794
794
840
1116
1030
827
827
717
770
770
796
806
806
793
788
788
803
866
866
887
987
987
1139
1139
1350
1526
1526
1478
1542
1542
1524
1541
1541
1591
1642
1680
1680
1832
1876
1876
1923
1950
1950
1968
1741
1741
1528
1330
1330
1265
1312
1345
1345
1328
1328
1335
1351
1351
1376
1403
1429
1458
1458
1494
1518
1518
1556
1606
1606
1634
1740
1779
1779
1809
1839
1839
1867
1886
1886
1917
1941
1941
1852
1852
1650
1446
1414
1414
1429
1444
1444
1454
1453
1435
1435
1421
1427
1427
1447
1452
1452
1468
1480
1506
1523
1533
1533
1543
1543
1546
1546
1559
