1264
1432
1580
1637
1710
1900
1953
2010
1984
1771
1771
1548
1418
1453
1464
1464
1401
1554
1554
1507
1518
1567
1567
1599
1638
1638
1689
1729
1729
1776
1820
1820
1865
1865
1912
1933
1590
1490
1490
1491
1491
1465
1488
1488
1515
1521
1521
1543
1571
1583
1583
1599
1617
1647
1686
1740
1773
1773
1796
1821
1821
1844
1883
1894
1953
1962
1951
1724
1724
1566
1577
1547
1542
1587
1587
1571
1577
1577
1600
1608
1608
1610
1635
1635
1635
1658
1658
1663
1690
1690
1699
1713
1713
1736
1775
1785
1801
1801
1814
1814
1832
1851
1851
1864
1877
1877
1879
1879
1905
1913
1919
1919
1942
1942
1942
1973
1969
1969
1991
2005
2005
2002
2002
2022
2036
2036
2034
2045
2051
2079
2083
2083
2088
2098
2098
2101
2106
2106
2112
2116
2116
2115
2108
2108
2110
2110
2105
2103
2103
2092
2058
2058
2096
2077
2067
2067
2054
2043
2043
2050
2049
2049
2045
2029
2033
2033
2012
2011
2011
2028
2028
2028
1998
2001
2001
2003
1996
1997
1997
2007
1989
1989
2003
2012
2012
2002
2008
2008
2014
2009
2009
2010
2010
2026
2035
2035
2026
2042
2053
2044
2044
2056
2041
2041
2057
2057
2071
2075
2075
2087
2097
2097
2100
2108
2108
2115
2115
2121
2125
2125
2117
2117
2138
2140
2140
2128
2143
2143
2152
2152
2160
2159
2168
2176
2183
2183
2172
2190
2190
2197
2191
2191
2207
2226
2226
2219
2245
2245
2249
2276
2264
2264
2275
2268
2268
2273
2281
2281
2262
2262
2277
2249
2249
2251
2257
2257
2247
2247
2213
2222
2222
2223
2201
2201
2210
2199
2199
2179
2187
2187
2178
2164
2164
2152
2147
2147
2153
2151
2151
2137
2128
2123
2123
2101
2097
2097
2090
2085
2086
2086
2080
2074
2048
2048
2043
2043
2035
2044
2044
2044
2044
2030
2030
2030
2028
2037
2037
2044
2030
2025
2025
2036
2038
2038
2028
2028
2024
2026
2026
2034
2043
2028
2028
2024
2024
2036
2028
2025
2031
2038
2040
2040
2024
2024
2019
2029
2029
2032
2021
2021
2019
2019
2029
2032
2032
2023
2014
2014
2022
2016
2016
2012
2021
2021
2021
2014
2014
2008
2008
2017
2016
2001
2013
1999
1999
2001
2008
2008
1988
1999
1999
2004
1985
1985
1993
1993
1984
1980
1980
1997
1984
1984
1987
1996
1996
1976
1982
1982
1972
1984
1984
1976
1947
1947
1956
1956
1937
1933
1928
1927
1912
1912
1917
1907
1907
1896
1904
1904
1892
1892
1875
1873
1873
1879
1868
1868
1848
1848
1842
1836
1836
1842
1842
1834
1828
1828
1819
1814
1806
1806
1804
1804
1792
1783
1772
1776
1763
1765
1765
1777
1756
1756
1745
1745
1767
1757
1757
1750
1744
1744
1741
1750
1750
1738
1747
1747
1733
1728
1728
1735
1738
1738
1725
1724
1724
1726
1726
1731
1725
1739
1739
1745
1745
1737
1737
1737
1735
1748
1748
1753
1754
1754
1746
1746
1742
1752
1752
1755
1761
1761
1765
1761
1761
1760
1768
1768
1763
1779
1779
1783
1783
1788
1794
1803
1809
1809
1812
1807
1807
1817
1817
1806
1813
1805
1805
1793
1819
1819
1813
1809
1809
1809
1809
1795
1791
1791
1799
1791
1785
1785
1785
1782
1782
1777
1774
1762
1747
1740
1745
1745
1743
1736
1736
1715
1715
1727
1720
1720
1718
1731
1731
1694
1694
1728
1704
1704
1706
1709
1709
1701
1709
1709
1710
1703
1703
1699
1713
1713
1703
1703
1702
1709
1700
1714
1719
1719
1706
1710
1717
1717
1711
1711
1708
1715
1715
1719
1709
1709
1719
1719
1719
1713
1710
1710
1722
1720
1720
1717
1717
1723
1729
1731
1731
1723
1723
1720
1711
1706
1721
1725
1704
1704
1704
1706
1706
1697
1696
1696
1700
1674
1674
1684
1693
1693
1709
1709
1675
1674
1681
1681
1682
1674
1674
1687
1679
1679
1687
1695
1682
1682
1687
1696
1696
1685
1690
1690
1698
1698
1687
1695
1695
1688
1686
1686
1694
1689
1689
1682
1692
1692
1684
1687
1687
1694
1694
1679
1688
1688
1685
1683
1683
1693
1693
1683
1690
1690
1696
1682
1682
1682
1695
1695
1687
1689
1689
1697
1697
1686
1695
1695
1689
1686
1686
1698
1691
1691
1686
1700
1700
1694
1702
1702
1708
1708
1702
1701
1701
1713
1712
1712
1708
1721
1725
1719
1733
1737
1730
1730
1724
1732
1732
1741
1741
1733
1735
1735
1732
1742
1742
1746
1739
1739
1739
1738
1750
1750
1756
1757
1757
1743
1745
1745
1744
1752
1756
1756
1737
1737
1737
1748
1746
1739
1739
1738
1731
1731
1738
1740
1733
1733
1719
1728
1725
1725
1711
1699
1699
1697
1706
1706
1699
1698
1698
1686
1677
1681
1681
1660
1452
1252
1252
1055
864
864
729
752
752
750
804
804
1021
1208
1208
1481
1856
1856
1963
1962
1962
1966
1966
1942
1946
1946
1928
1920
1920
1917
1898
1901
1901
1891
1868
1868
1858
1850
1850
1832
1824
1824
1818
1812
1812
1800
1792
1792
1785
1776
1767
1767
1756
1756
1755
1743
1743
1737
1720
1720
1706
1707
1707
1689
1677
1681
1681
1661
1115
913
913
742
767
767
838
891
1004
1004
1256
1527
1527
1840
1840
2101
2058
2058
2038
2031
2031
2021
1996
1996
1990
1982
1982
1956
1955
1955
1927
1921
1918
1889
1878
1862
1842
1842
1830
1814
1814
1805
1788
1776
1776
1763
1743
1743
1744
1728
1728
1704
1704
1693
1692
1665
1659
1659
1643
1643
1631
1609
1609
1611
1595
1575
1575
1569
1558
1529
1343
1140
1140
938
753
753
762
810
810
800
784
784
817
866
882
882
931
998
1098
1098
1242
1430
1430
1676
1965
1965
1861
1836
1836
1836
1784
1838
1877
1890
1932
1932
1975
2021
2050
1843
1615
1408
1357
1357
1331
1436
1319
1319
1346
1361
1371
1371
1395
1395
1407
1434
1434
1468
1503
1618
1640
1685
1685
1698
1722
1755
1755
1779
1802
1802
1829
1844
1844
1866
