973
962
962
949
940
940
930
922
915
915
906
901
883
887
887
872
869
869
886
864
864
838
844
844
858
864
864
827
872
872
848
848
770
770
768
781
781
770
776
776
789
795
795
815
833
833
841
802
786
776
783
783
807
810
810
818
818
814
800
800
807
803
803
802
805
801
801
815
849
849
946
1116
1144
1144
1091
1091
1170
1170
1065
1065
1130
1161
1207
1207
1211
1227
1227
1040
858
858
880
880
1385
1178
1236
1236
1279
1288
1288
1308
1336
1373
1373
1409
1409
1430
1452
1452
1493
1530
1530
1565
1600
1600
1610
1647
1670
1736
1756
1756
1770
1770
1792
1789
1789
1807
1810
1810
1808
1797
1749
1749
1833
1833
1714
1770
1802
1802
1716
1781
1781
1758
1783
1783
1804
1804
1847
1874
1874
1905
1957
1957
2076
2120
2158
2158
2188
2260
2260
2288
2378
2378
2423
2486
2486
2507
2512
2512
2355
2355
2116
1875
1875
1720
1692
1692
1685
1598
1598
1666
1666
1608
1711
1733
1733
1753
1846
1898
1898
1910
1910
1930
1965
1965
1983
1999
1999
2042
2042
2069
2075
2075
2102
2102
2138
2167
2167
2176
2171
2171
2038
1845
1648
1648
1638
1638
1626
1582
1582
1587
1537
1593
1616
1616
1627
1627
1653
1660
1660
1683
1706
1706
1714
1731
1731
1761
1761
1784
1808
1808
1824
1848
1848
1849
1849
1873
1902
1902
1917
1923
1923
1942
1961
1961
1972
1914
1967
1967
1928
1927
1927
1908
1908
1897
1914
1910
1910
1862
1870
1870
1857
1834
1834
1822
1819
1819
1814
1814
1803
1806
1794
1794
1784
1784
1777
1774
1770
1770
1765
1770
1772
1772
1765
1751
1751
1740
1742
1742
1743
1746
1746
1728
1724
1724
1719
1722
1722
1707
1705
1705
1702
1702
1693
1679
1679
1692
1676
1676
1676
1666
1659
1659
1672
1655
1655
1671
1671
1680
1678
1678
1696
1692
1705
1705
1718
1705
1705
1701
1701
1712
1712
1712
1706
1724
1724
1726
1719
1719
1721
1729
1729
1739
1722
1722
1718
1722
1722
1726
1709
1703
1685
1697
1697
1682
1664
1664
1665
1650
1650
1656
1656
1635
1637
1637
1612
1609
1609
1603
1603
1501
1327
1270
1270
1200
1082
1082
880
748
748
757
932
932
1091
1295
1547
1784
1772
1772
1753
1731
1731
1699
1691
1691
1666
1666
1546
1351
1144
1144
953
795
795
776
776
793
790
790
886
1036
1258
1258
1542
1542
1867
1788
1767
1767
1741
1740
1740
1660
1677
1676
1676
1705
1729
1729
1732
1747
1747
1762
1767
1784
1784
1782
1780
1801
1801
1784
1781
1781
1764
1764
1757
1734
1734
1732
1736
1736
1724
1714
1721
1721
1737
1757
1757
1755
1762
1762
1746
1754
1754
1752
1765
1765
1785
1796
1796
1808
1828
1828
1836
1859
1859
1895
1911
1911
1927
1957
1957
1964
1997
1997
1999
1999
1992
1499
1316
1316
1366
1248
1248
1320
1244
1244
1274
1267
1267
1265
1246
1246
1228
1216
1219
1219
1225
1192
1192
1211
1221
1221
1220
1239
1239
1256
1286
1286
1322
1332
1332
1417
1443
1443
1476
1476
1494
1540
1540
1575
1594
1594
1630
1668
1668
1716
1740
1740
1766
1806
1806
1843
1872
1872
1912
1930
1982
1982
1989
1998
1998
1850
1850
1634
1486
1528
1451
1451
1492
1482
1482
1392
1454
1466
1466
1466
1482
1482
1493
1507
1507
1520
1538
1538
1557
1557
1571
1577
1583
1583
1605
1605
1610
1616
1616
1638
1636
1636
1658
1684
1690
1690
1712
1719
1719
1719
1741
1741
1752
1764
1764
1760
1772
1772
1779
1782
1782
1783
1790
1790
1793
1792
1792
1789
1789
1779
1756
1805
1805
1771
1760
1741
1729
1721
1695
1530
1530
1318
1318
1124
922
922
755
735
735
757
766
766
949
1160
1160
1494
1902
2057
2057
2036
2036
2023
2007
2007
1973
1973
1968
1944
1944
1931
1908
1886
1854
1854
1845
1845
1841
1832
1832
1811
1811
1796
1784
1762
1762
1732
1732
1702
1687
1687
1654
1627
1627
1583
1522
1522
1322
1322
1130
945
945
751
764
791
791
799
805
905
1047
1308
1308
1591
1473
1473
1488
1466
1466
1418
1407
1407
1389
1358
1358
1346
1337
1337
1364
1298
1298
1291
1291
1334
1334
1383
1447
1447
1512
1556
1592
1592
1657
1762
1828
1885
1952
1952
2011
2025
2025
1950
1735
1735
1524
1524
1370
1380
1380
1358
1356
1371
1371
1362
1406
1406
1427
1443
1443
1475
1499
1499
1527
1527
1554
1597
1639
1639
1710
1719
1719
1740
1740
1748
1757
1757
1668
1487
1487
1294
1337
1337
1244
1346
1346
1205
1205
1300
1128
1128
1028
1087
1087
1258
1481
1481
1767
2066
2349
2349
2237
2216
2180
2067
2030
2030
1976
1903
1802
1802
1693
1565
1565
1458
1355
1245
1170
1170
1094
1049
1017
1017
1003
1004
1004
982
1001
1001
1030
1030
1030
1059
1081
1081
1140
1341
1415
1415
1492
1576
1663
1663
1752
1839
1925
1925
2014
2099
2099
2182
2244
2244
2024
1814
1814
1595
1539
1514
1514
1566
1554
1554
1561
1561
1588
1632
1654
1654
1776
1821
1821
1880
1920
1920
1948
2003
2003
2043
2041
1889
1889
1679
1552
1552
1549
1572
1559
1559
1582
1554
1554
1589
1589
1585
1605
1623
1623
1656
1659
1659
1674
1694
1714
1714
1717
1717
1718
1718
1745
1760
1760
1735
1735
1742
1746
1746
1751
1773
1773
1758
1772
1772
1764
1749
1749
1764
1764
1772
1760
1770
1770
1772
1759
1759
1563
1361
1165
793
992
1274
1274
1706
1706
2084
2005
2005
1960
1925
1864
1864
1670
1451
1260
1260
1067
874
874
740
740
754
819
819
964
1092
1092
1264
1464
1464
1695
1957
2095
1958
1911
1882
1882
1832
1832
1803
1784
1750
1750
1742
1713
1713
1691
1700
1700
1672
1653
1653
1675
1653
1653
1655
1631
1631
