1957
1957
1976
2006
2006
2020
2055
2055
2105
2154
2154
2176
2176
2122
1887
1487
1510
1415
1477
1477
1500
1520
1520
1550
1550
1576
1604
1636
1636
1668
1699
1699
1735
1762
1762
1800
1839
1875
1875
1921
1921
1943
2000
2035
2035
2065
2105
2105
2225
2248
2282
2282
2333
2333
2367
2382
2382
2382
2207
1968
1968
1794
1752
1752
1758
1758
1736
1736
1725
1725
1746
1744
1744
1760
1764
1771
1771
1788
1806
1812
1812
1848
1857
1872
1872
1903
1907
1932
1932
1953
1967
1967
1983
2013
2013
2026
2041
2041
2055
2073
2073
2101
2101
2104
2121
2141
2157
2157
2188
2199
2199
2207
2232
2261
2282
2282
2282
2290
2300
2300
2287
2302
2308
2308
2292
2292
2309
2318
2294
2308
2308
2316
2308
2303
2303
2320
2313
2313
2309
2309
2324
2339
2339
2314
2314
2329
2325
2322
2338
2338
2339
2329
2329
2337
2333
2353
2353
2354
2360
2355
2355
2371
2373
2373
2389
2403
2417
2417
2442
2446
2446
2443
2375
2375
2096
1945
1899
1899
1876
1828
1940
1889
1845
1845
1836
1836
1844
1844
1853
1864
1867
1867
1860
1869
1878
1878
1879
1871
1870
1869
1869
1854
1846
1827
1827
1810
1794
1800
1773
1764
1760
1760
1750
1738
1712
1712
1690
1523
1307
1098
1098
892
717
717
698
748
819
819
967
1110
1150
1150
929
744
667
667
731
777
1851
1818
1799
1799
1779
1763
1763
1753
1768
1741
1741
1751
1742
1742
1748
1761
1764
1771
1771
1765
1780
1793
1804
1804
1828
1836
1850
1850
1852
1866
1868
1868
1891
1919
1919
1943
1972
2002
2002
2027
2074
2116
2116
2132
2168
2168
2220
2247
2293
2293
2319
2355
2355
2393
2435
2435
1946
1833
1833
1806
1782
1782
1852
1817
1784
1784
1801
1805
1812
1812
1806
1815
1827
1827
1841
1852
1852
1878
1894
1894
1902
1928
1928
1934
1962
1962
1964
1993
1993
2005
2035
2057
2079
2079
2090
2107
2107
2130
2118
2118
2055
1802
1673
1673
1660
1661
1651
1651
1640
1653
1653
1696
1635
1635
1643
1634
1634
1639
1631
1634
1634
1615
1622
1600
1583
1600
1600
1591
1584
1584
1578
1564
1564
1555
1550
1550
1550
1550
1545
1536
1532
1532
1518
1515
1515
1521
1521
1541
1500
1500
1507
1527
1530
1530
1530
1534
1540
1552
1552
1568
1581
1581
1577
1577
1598
1611
1611
1606
1619
1619
1626
1632
1649
1649
1657
1657
1667
1670
1670
1670
1696
1700
1700
1707
1720
1720
1716
1718
1718
1736
1742
1762
1762
1766
1779
1779
1792
1803
1812
1812
1812
1826
1826
1834
1850
1850
1866
1861
1864
1869
1869
1863
1875
1875
1874
1874
1863
1868
1879
1879
1876
1867
1867
1869
1858
1861
1871
1871
1867
1862
1862
1854
1858
1858
1863
1863
1859
1852
1841
1841
1840
1841
1841
1843
1850
1850
1844
1841
1841
1831
1832
1832
1838
1839
1839
1851
1855
1856
1856
1860
1860
1876
1879
1879
1871
1871
1881
1896
1896
1888
1888
1895
1895
1914
1903
1903
1915
1915
1923
1923
1923
1932
1921
1921
1940
1940
1925
1928
1928
1936
1929
1935
1935
1931
1931
1946
1920
1740
1740
1534
1318
1318
1110
908
908
728
778
778
1287
1935
1935
2267
2251
2251
2215
2215
2214
2184
2184
2141
2124
2106
2106
2084
2067
2067
2053
2053
2013
2002
2002
2000
2000
1976
1963
1963
1962
1933
1933
1920
1913
1913
1887
1869
1869
1860
1825
1825
1640
1426
1426
1216
1002
1002
797
708
708
784
866
866
1016
1241
1241
2001
2001
1981
1944
1944
1905
1856
1856
1800
1800
1758
1720
1720
1677
1677
1615
1549
1337
1337
1131
921
732
732
752
752
764
764
763
767
767
781
1016
1016
1361
1838
1838
1769
1769
1743
1739
1761
1761
1799
1775
1775
1757
1854
1956
1956
1920
2036
2036
2108
2181
2181
2246
2334
2334
2413
2413
2492
2565
2565
2634
2655
2655
2461
2192
2192
1945
1852
1763
1763
1783
1783
1796
1829
1829
1865
1881
1881
1928
1969
2018
2018
2048
2087
2087
2131
2183
2225
2225
2252
2295
2338
2338
2381
2426
2465
2501
2501
2532
2038
1919
1919
1852
1833
1855
1855
1874
1868
1868
1864
1878
1902
1902
1917
1925
1925
1954
1968
1995
1995
2024
2032
2049
2049
2072
2090
2103
2103
2129
2154
2187
2217
2250
2262
2262
2290
2298
2298
2312
2347
2338
2338
2138
1920
1920
1853
1829
1828
1828
1841
1841
1853
1851
1810
1810
1830
1824
1824
1828
1841
1848
1848
1869
1890
1904
1904
1905
1927
1939
1939
1939
1958
1960
1960
1976
1991
1991
1976
2002
2002
1992
1988
1988
1996
1978
1978
1995
1968
1949
1949
2012
1956
1956
1965
1950
1950
1944
1935
1936
1936
1931
1932
1932
1918
1930
1923
1923
1913
1924
1924
1907
1921
1912
1903
1903
1912
1909
1909
1898
1909
1900
1900
1895
1900
1900
1904
1904
1880
1884
1886
1895
1895
1878
1881
1881
1886
1876
1876
1868
1868
1875
1875
1868
1868
1865
1849
1853
1783
1575
1381
1381
1193
998
828
828
726
1778
2076
2141
2121
2103
2103
2081
2081
2046
1841
1841
1616
1414
1414
1226
1022
1022
827
740
905
905
1091
1360
1360
1669
2026
2026
2448
2396
2396
2373
2370
2370
2349
2338
2299
2284
2252
2252
2251
2215
2215
2203
2194
2194
2176
2158
2158
2160
2150
2143
2143
2158
2089
2067
2067
2098
2087
2087
2085
2081
2081
2083
2083
2083
2073
2079
2079
2076
2067
2063
2063
2063
2072
2076
2076
2081
2093
2093
2106
2108
2102
2102
2116
2116
2123
2129
2129
2138
2157
2157
2168
2165
2164
2164
2173
2200
2200
2202
2195
2195
2223
2214
2253
2262
2279
2305
2305
2316
2336
2336
2355
2383
2383
2401
2419
2419
2438
2437
2437
2454
2490
2490
2503
2503
2503
2529
2434
2434
2195
1956
1956
1895
1846
1846
1825
1812
1832
1801
1785
