1530
1924
1969
1740
1548
1151
1151
1148
1185
1211
1259
1326
1393
1467
1467
1543
1608
1608
1673
1695
1623
1623
1422
1211
1211
1032
836
811
811
777
777
758
737
737
736
754
754
762
766
787
988
1057
1027
1027
1098
1098
991
1066
1121
1121
1170
1170
1223
1223
1279
1345
1345
1379
1403
1403
1436
1436
1452
1441
1434
1434
1517
1517
1446
1486
1466
1466
1495
1495
1519
1525
1525
1541
1557
1557
1556
1561
1561
1601
1601
1603
1595
1595
1577
1593
1593
1601
1601
1605
1588
1604
1619
1586
1591
1591
1586
1567
1510
1510
1496
1496
1489
1489
1474
1446
1421
1421
1416
1400
1400
1466
1379
1379
1459
1459
1439
1447
1447
1474
1497
1497
1523
1529
1555
1555
1583
1662
1662
1682
1710
1710
1734
1734
1757
1764
1795
1795
1816
1816
1841
1868
1868
1892
1898
1898
1925
1925
1923
1944
1944
1954
1955
1955
1964
1964
1964
1946
1946
1949
1939
1939
1892
1852
1831
1831
1804
1804
1776
1746
1746
1714
1702
1702
1664
1644
1644
1611
1594
1594
1564
1535
1535
1495
1495
1494
1558
1558
1475
1481
1481
1523
1561
1561
1624
1685
1766
1842
1900
1865
1865
1648
1451
1451
1268
1561
1561
1868
1774
1774
1780
1763
1763
1739
1703
1703
1718
1700
1700
1650
1623
1629
1576
1576
1580
1569
1569
1524
1472
1472
1486
1508
1508
1494
1520
1520
1531
1550
1547
1547
1553
1553
1529
1496
1496
1529
1474
1474
1469
1437
1408
1408
1394
1369
1369
1341
1304
1304
1268
1268
1212
1085
879
879
747
771
826
826
1042
1065
1065
1010
1039
1039
1059
1080
1080
1111
1160
1160
1204
1204
1232
1261
1261
1304
1342
1378
1378
1407
1446
1446
1514
1514
1544
1568
1568
1614
1654
1707
1731
1754
1771
1771
1778
1785
1785
1781
1795
1795
1784
1784
1757
1743
1753
1753
1756
1699
1666
1666
1662
1634
1634
1614
1589
1589
1563
1537
1537
1501
1501
1489
1462
1422
1361
1309
1309
1245
1184
1184
1016
815
815
759
759
792
777
777
781
781
781
778
780
780
784
784
755
701
701
889
1088
1088
1223
1258
1258
1214
1102
1102
1013
1106
1106
1149
1200
1200
1251
1311
1311
1356
1356
1413
1406
1406
1275
1085
1085
891
891
772
791
791
808
792
792
753
753
738
739
796
796
1269
1269
1462
1359
1329
1426
1426
1465
1504
1504
1544
1573
1573
1589
1521
1326
1326
1139
1055
1055
1093
937
937
748
734
734
746
745
745
752
761
761
774
781
781
781
780
780
782
782
782
779
780
780
779
779
785
775
775
708
781
781
882
882
928
1066
1159
1159
1302
1416
1416
1547
1710
1710
1854
1995
1995
2100
2070
2070
1840
1629
1629
1433
1172
1172
1237
1296
1348
1348
1431
1507
1507
1571
1633
1633
1718
1802
1802
1880
1954
2021
2021
2090
2131
2131
2158
2158
1912
1912
1695
1492
1484
1484
1415
1415
1416
1369
1367
1367
1339
1273
1273
1076
1076
880
752
752
760
748
748
749
940
940
1102
1310
1310
1485
1360
1282
1282
1189
1189
1001
817
817
709
739
739
744
750
750
767
782
782
781
682
682
716
718
718
769
820
820
858
916
916
970
1011
1011
1063
1113
1113
1161
1221
1285
1285
1346
1416
1416
1492
1565
1565
1626
1714
1778
1923
2002
2011
1925
1925
1717
1717
1524
1368
1368
1384
1384
1384
1339
1374
1374
1343
1394
1413
1413
1433
1459
1471
1471
1482
1489
1490
1490
1492
1480
1485
1485
1494
1516
1535
1535
1546
1546
1553
1547
1547
1547
1551
1551
1549
1549
1549
1553
1533
1533
1508
1511
1511
1507
1499
1499
1488
1468
1468
1455
1428
1391
1391
1358
1339
1339
1272
1210
1210
1179
1151
1151
1108
1059
964
964
833
764
764
732
733
733
746
751
751
759
768
768
774
781
782
782
781
781
781
781
786
786
780
782
782
781
783
783
787
787
787
782
779
779
774
774
776
781
781
777
779
779
779
782
782
785
774
774
739
696
709
835
1148
1162
1162
751
694
740
740
865
865
951
1018
1094
1094
1181
1293
1293
1366
1471
1471
1531
1606
1606
1677
1722
1722
1786
1813
1813
1949
1989
2050
2050
1824
1824
1611
1413
1227
1093
1163
1156
1182
1182
1252
1310
1310
1364
1430
1430
1516
1574
1574
1654
1712
1712
1795
1795
1867
1949
2001
2054
2054
2088
1943
1943
1739
1537
1537
1393
1396
1396
1324
1335
1376
1376
1336
1348
1348
1348
1337
1317
1317
1293
1274
1274
1250
1216
1054
1054
863
723
762
762
767
770
770
775
781
779
777
777
777
783
922
874
874
909
939
950
950
975
1002
1002
1032
1053
1083
1083
1113
1113
1134
1163
1163
1193
1227
1262
1308
1308
1333
1371
1371
1379
1405
1405
1409
1423
1399
1399
1440
1437
1432
1421
1421
1413
1406
1406
1388
1356
1345
1345
1311
1280
1280
1227
1024
1024
837
754
754
762
761
761
769
772
772
780
818
818
882
897
962
962
1173
1127
1146
1146
1143
1133
1130
1130
1128
1114
1114
1129
1154
1154
1188
1142
1142
1140
1184
1184
1244
1303
1303
1339
1404
1404
1457
1457
1525
1593
1731
1807
1882
1882
1945
2022
2022
2113
2172
2172
2208
2016
2016
1796
1598
1598
1433
1433
1432
1448
1448
1433
1433
1408
1437
1437
1454
1481
1481
1495
1542
1542
1572
1571
1571
1594
1690
1672
1672
1699
1698
1698
1651
1673
1673
1638
1605
1605
1566
1566
1519
1484
1447
1447
1390
1390
1323
1266
1215
1215
1158
1098
1098
1020
846
846
774
767
767
766
767
779
777
777
788
781
780
780
784
890
890
966
966
869
909
909
964
1003
1003
1041
1094
1094
1155
