1171
1206
1206
1227
1236
1236
1251
1417
1232
1232
1039
873
873
768
804
1023
1023
1691
2496
2496
2285
2342
2342
2381
2417
2417
2469
2523
2523
2610
2664
2664
2709
2167
1933
1830
1830
1806
1759
1819
1819
1838
1860
1860
1874
1874
1909
1958
1985
1985
2017
2058
2058
2095
2136
2136
2166
2196
2245
2245
2263
2305
2305
2297
2128
2128
1726
1694
1689
1689
1663
1656
1656
1718
1699
1699
1713
1713
1733
1743
1743
1750
1756
1756
1774
1790
1790
1803
1824
1837
1837
1848
1866
1866
1870
1862
1862
1877
1888
1887
1891
1897
1889
1889
1893
1907
1907
1903
1911
1911
1911
1907
1920
1923
1923
1926
1919
1919
1916
1927
1915
1915
1916
1916
1922
1911
1911
1922
1915
1910
1910
1916
1898
1907
1896
1895
1895
1898
1887
1889
1889
1893
1890
1882
1882
1890
1877
1877
1864
1862
1862
1861
1865
1860
1860
1846
1839
1839
1838
1835
1839
1839
1837
1827
1821
1814
1810
1810
1805
1803
1799
1793
1793
1788
1784
1784
1783
1787
1787
1778
1776
1776
1765
1760
1760
1754
1753
1753
1763
1762
1766
1766
1764
1753
1753
1753
1755
1759
1765
1767
1755
1755
1758
1757
1756
1756
1755
1773
1773
1760
1758
1751
1730
1730
1760
1754
1754
1760
1753
1737
1737
1725
1734
1727
1727
1714
1702
1709
1709
1689
1679
1679
1677
1664
1664
1659
1663
1650
1650
1652
1650
1650
1622
1622
1681
1623
1623
1635
1622
1619
1619
1621
1611
1611
1624
1611
1611
1611
1612
1596
1600
1588
1588
1590
1595
1595
1573
1581
1581
1585
1575
1575
1581
1593
1588
1581
1581
1583
1601
1601
1583
1584
1584
1589
1586
1586
1573
1578
1574
1573
1573
1561
1561
1552
1513
1572
1572
1537
1514
1503
1503
1491
1479
1477
1477
1477
1506
1435
1484
1484
1447
1446
1446
1446
1438
1438
1443
1445
1445
1433
1433
1427
1427
1427
1165
1137
1137
1064
1031
1031
842
767
796
796
805
806
803
803
859
885
885
952
1081
1081
1288
1687
1687
1577
1628
1594
1577
1577
1598
1607
1607
1595
1632
1662
1662
1693
1706
1706
1716
1732
1730
1730
1717
1723
1723
1711
1670
1705
1705
1703
1672
1663
1663
1643
1600
1574
1546
1546
1518
1527
1497
1492
1492
1413
1288
1288
1081
885
885
795
805
751
751
749
766
766
776
756
756
743
743
752
768
757
757
759
780
780
771
771
786
794
794
682
663
806
806
973
1071
1071
1113
958
966
966
1021
1094
1171
1171
1241
1333
1333
1425
1507
1507
1588
1679
1779
1779
1853
1918
1918
1964
1964
1994
2050
2053
2092
2101
2080
2080
2071
2062
2062
2030
2009
2009
1990
1950
1950
1930
1886
1886
1834
1793
1793
1744
1675
1675
1584
1483
1367
1367
1223
1019
1019
818
745
789
789
796
788
783
783
782
782
782
774
777
777
782
782
782
776
776
778
778
778
787
787
793
786
786
787
783
783
773
758
728
736
736
742
761
844
860
860
807
702
688
688
795
904
966
1030
1030
1106
1195
1195
1291
1394
1394
1516
1628
1628
1739
1840
2002
2002
2100
2224
2308
2411
2146
1929
1711
1711
1496
1378
1378
1479
1425
1425
1452
1510
1574
1574
1657
1700
1700
1764
1816
1816
1851
1893
1893
1910
1922
1922
1944
1952
1952
1946
1949
1928
1896
1908
1885
1876
1876
1852
1815
1798
1798
1785
1785
1752
1712
1712
1689
1681
1681
1644
1641
1641
1618
1603
1584
1584
1551
1551
1553
1570
1570
1550
1557
1532
1532
1576
1595
1595
1613
1613
1640
1659
1685
1685
1711
1732
1732
1754
1774
1774
1811
1870
1929
1929
1904
1967
1967
1981
1977
1977
1996
2012
2012
2043
2069
2075
2075
2099
2129
2179
2179
2198
2235
2235
2238
2275
2275
2278
2321
2321
2325
2326
2337
2337
2357
2369
2375
2375
2386
2388
2388
2404
2384
2380
2380
2393
2391
2391
2403
2404
2404
2418
2412
2432
2443
2443
2402
2430
2415
2415
2406
2413
2413
2432
2378
2378
2383
2380
2385
2385
2373
2333
2312
2312
2295
2295
2293
2276
2273
2273
2221
2242
2204
2167
2146
2115
2115
2085
2060
2060
1998
1953
1953
1900
1862
1862
1805
1732
1663
1663
1593
1510
1426
1426
1352
1286
1286
1199
1100
1037
987
987
951
951
934
877
889
917
917
816
868
868
921
948
948
1002
1046
1046
1080
1123
1163
1163
1210
1265
1265
1319
1392
1392
1476
1511
1511
1577
1603
1603
1625
1654
1654
1672
1664
1664
1635
1635
1603
1573
1573
1553
1531
1531
1506
1506
1479
1472
1472
1465
1489
1489
1424
1487
1487
1535
1535
1597
1645
1722
1722
1795
1877
1877
1943
2028
2028
2112
2260
2363
2450
2522
2595
2595
2679
2756
2756
2790
2715
2715
2448
2179
2179
1941
1871
1871
1835
1783
1783
1845
1803
1803
1600
1400
1400
1200
1000
795
795
748
772
841
952
1005
1086
1086
1171
1294
1294
1394
1360
1324
1324
1297
1297
1357
1230
1298
1298
1301
1300
1300
1350
1361
1361
1407
1449
1449
1500
1500
1539
1602
1652
1652
1726
1789
1935
2019
2026
2041
2041
1845
1845
1623
1420
1420
1218
1024
819
791
791
802
802
767
773
773
765
765
766
778
767
767
768
771
771
770
763
763
767
774
789
1115
1170
1030
1030
1100
1164
1164
1223
1260
1260
1304
1367
1367
1401
1470
1532
1532
1586
1586
1671
1745
1806
1806
1858
1914
1914
1931
1946
1946
1946
1957
1930
1960
1836
1866
1866
1850
1850
1817
1801
1773
1773
1740
1711
1711
1694
1658
1646
1616
1616
1580
1580
1567
1534
1534
1513
1560
1494
1494
1565
1526
1526
1522
1536
1541
1524
1493
1522
1522
1489
1443
1422
1422
1436
1463
1463
1403
1403
1408
1458
1458
1515
1573
1621
1621
1693
1753
1753
1833
1833
