1185
1188
1190
1208
1209
1218
1224
1172
985
799
808
759
747
747
736
768
956
956
1078
1263
1263
1499
1731
1731
1663
1628
1628
1550
1550
1473
1404
1404
1337
1337
1274
1242
1242
1220
1207
1207
1200
1163
1163
1121
1121
1099
1037
1105
1162
1162
1231
1292
1292
1353
1443
1443
1520
1581
1581
1679
1768
1768
1855
1937
1937
2025
2025
2018
1875
1875
1663
1663
1447
1391
1391
1372
1372
1495
1398
1398
1424
1473
1498
1523
1523
1545
1591
1591
1636
1671
1671
1696
1755
1755
1803
1837
1837
1880
1901
1901
1940
1940
1902
1902
1678
1476
1455
1455
1421
1441
1441
1504
1504
1416
1434
1434
1439
1489
1504
1519
1519
1540
1540
1542
1558
1558
1572
1572
1588
1600
1600
1607
1617
1617
1625
1640
1640
1643
1646
1646
1650
1645
1645
1641
1608
1661
1661
1632
1638
1638
1624
1604
1604
1604
1592
1596
1596
1639
1572
1572
1573
1588
1588
1591
1591
1591
1597
1596
1596
1607
1609
1609
1618
1618
1638
1648
1648
1646
1653
1653
1658
1675
1675
1660
1682
1695
1707
1720
1719
1719
1730
1744
1744
1750
1758
1758
1747
1747
1737
1728
1759
1759
1754
1742
1742
1742
1731
1731
1735
1735
1733
1720
1720
1712
1718
1718
1713
1713
1694
1695
1683
1673
1645
1645
1466
1264
1264
1068
854
854
723
764
764
764
768
768
912
912
1013
1197
1197
1418
1418
1675
1950
1988
1988
1995
1995
1981
1950
1950
1955
1926
1926
1919
1910
1886
1885
1862
1862
1855
1855
1843
1834
1834
1824
1805
1805
1789
1770
1770
1743
1743
1721
1710
1689
1689
1657
1661
1661
1634
1653
1653
1627
1641
1641
1630
1630
1628
1630
1619
1618
1615
1613
1601
1601
1598
1598
1613
1623
1592
1592
1636
1646
1646
1666
1688
1688
1698
1732
1732
1764
1786
1786
1814
1839
1839
1860
1860
1873
1900
1900
1936
1963
1997
2050
2069
2069
1914
1914
1697
1567
1567
1569
1591
1591
1577
1592
1592
1595
1602
1602
1627
1658
1658
1671
1686
1719
1719
1749
1749
1768
1787
1787
1805
1827
1827
1858
1870
1903
1924
1813
1602
1602
1540
1518
1533
1533
1520
1493
1506
1506
1547
1547
1532
1546
1553
1556
1567
1567
1584
1591
1582
1582
1603
1608
1608
1601
1619
1620
1628
1622
1640
1643
1640
1636
1643
1639
1639
1650
1643
1643
1650
1650
1644
1650
1644
1644
1648
1644
1648
1648
1641
1649
1635
1635
1646
1634
1634
1648
1634
1634
1637
1642
1642
1638
1646
1639
1639
1642
1635
1635
1641
1641
1633
1645
1645
1632
1642
1629
1629
1630
1630
1633
1630
1638
1638
1628
1637
1637
1623
1629
1626
1630
1625
1625
1635
1619
1619
1627
1624
1623
1623
1626
1626
1616
1629
1629
1628
1622
1622
1627
1622
1622
1631
1622
1622
1629
1629
1638
1633
1637
1637
1637
1637
1632
1636
1645
1631
1631
1645
1634
1634
1639
1641
1641
1636
1641
1641
1634
1639
1639
1627
1641
1629
1629
1641
1625
1625
1628
1634
1626
1626
1636
1623
1623
1635
1616
1622
1610
1622
1607
1611
1611
1619
1605
1616
1616
1614
1604
1604
1613
1611
1611
1604
1612
1612
1604
1608
1608
1609
1601
1601
1606
1607
1607
1598
1611
1607
1607
1604
1603
1603
1607
1605
1605
1601
1606
1600
1600
1603
1612
1612
1597
1602
1602
1606
1597
1599
1599
1604
1594
1594
1597
1597
1602
1589
1589
1595
1602
1602
1590
1594
1594
1602
1602
1602
1588
1594
1602
1602
1598
1593
1600
1600
1597
1592
1592
1599
1599
1592
1592
1600
1599
1599
1592
1593
1593
1599
1587
1587
1590
1598
1585
1585
1588
1588
1597
1594
1596
1596
1587
1591
1596
1596
1584
1590
1595
1595
1583
1588
1588
1594
1586
1586
1579
1581
1581
1582
1569
1569
1550
1557
1557
1562
1566
1566
1555
1540
1540
1535
1527
1529
1481
1274
1274
1089
886
886
734
744
744
756
781
781
922
922
1044
1286
1286
1606
1793
1793
1768
1752
1752
1749
1742
1742
1724
1563
1359
1359
1144
947
757
755
1003
1322
1721
1721
2065
1998
1998
1966
1918
1918
1904
1866
1866
1834
1804
1804
1773
1747
1747
1718
1675
1675
1659
1613
1613
1578
1575
1575
1513
1490
1487
1437
1408
1405
1385
1385
1368
1348
1348
1338
1326
1307
1307
1283
1269
1269
1269
1254
1254
1231
1220
1220
1207
1192
1192
1179
1052
1052
861
771
771
805
810
810
796
1132
1132
1402
1402
1535
1504
1504
1440
1440
1427
1437
1437
1446
1417
1417
1395
1401
1401
1440
1440
1448
1472
1472
1497
1517
1517
1551
1551
1587
1618
1618
1635
1683
1683
1685
1712
1773
1786
1807
1807
1834
1848
1848
1866
1874
1874
1901
1908
1908
1905
1940
1940
1933
1969
1969
1961
1961
1981
1995
1995
2010
2032
2040
2040
2038
2052
2052
1846
1626
1424
1345
1367
1320
1320
1357
1357
1348
1347
1347
1368
1395
1395
1423
1423
1464
1495
1520
1520
1538
1538
1551
1567
1567
1593
1628
1628
1628
1628
1647
1651
1680
1680
1679
1679
1696
1717
1728
1745
1755
1755
1738
1762
1749
1749
1762
1762
1773
1773
1795
1795
1792
1792
1788
1794
1794
1774
1790
1790
1788
1774
1774
1781
1781
1782
1769
1762
1762
1771
1779
1779
1777
1770
1750
1750
1743
1755
1755
1735
1746
1740
1740
1705
1705
1702
1690
1690
1686
1686
1679
1650
1650
1650
1629
1625
1597
1597
1573
1573
1545
1526
1526
1466
1260
1260
1072
754
765
774
760
760
752
762
762
793
793
851
866
866
842
842
826
826
826
829
829
830
835
835
849
849
876
911
1036
1036
1152
1152
1117
1078
1078
1062
1062
1047
1035
1013
1013
996
1021
1021
987
993
993
1016
1016
1031
1052
1052
1069
1069
1094
1125
1125
1158
1158
1127
1150
1150
1187
1205
1205
1220
1188
1188
1210
1210
1226
1235
1235
