1235
1235
1234
1255
1255
1271
1280
1280
1293
1327
1351
1356
1356
1383
1392
1409
1409
1438
1456
1456
1475
1493
1493
1510
1519
1519
1541
1547
1572
1586
1586
1611
1618
1618
1642
1653
1653
1685
1683
1703
1718
1714
1721
1721
1710
1666
1666
1722
1693
1671
1671
1708
1613
1666
1666
1691
1691
1688
1706
1706
1714
1730
1730
1723
1742
1742
1731
1680
1680
1709
1687
1636
1636
1192
1192
1002
808
808
749
769
769
999
999
1360
1783
1783
1777
1502
1502
1330
1123
1123
931
755
755
752
777
777
794
801
801
887
1197
1197
1197
1197
1289
1645
1768
1768
1928
2095
2095
2236
2372
2539
2539
2603
2383
2383
2139
1906
1906
1689
1360
1360
1656
1601
1616
1616
1654
1735
1735
1810
1887
1968
1968
2057
2155
2339
2479
2479
2478
2209
1971
1971
1762
1690
1759
1759
1731
1681
1711
1711
1728
1749
1749
1788
1838
1838
1860
1913
1913
1938
1938
2000
2022
2022
2050
2093
2093
2130
2180
2255
2306
2332
2332
2258
2012
2012
1796
1747
1747
1708
1720
1720
1742
1774
1774
1739
1715
1715
1747
1755
1755
1766
1779
1795
1795
1807
1807
1828
1854
1854
1873
1877
1927
1939
1977
1988
2008
2008
2038
2057
2064
2064
2081
2097
2114
2114
2145
2166
2173
2173
2178
2210
2210
2229
2238
2238
2271
2249
2249
2145
1915
1915
1801
1767
1780
1789
1748
1677
1677
1791
1773
1773
1771
1774
1774
1781
1781
1785
1789
1789
1784
1791
1791
1793
1802
1803
1803
1823
1827
1827
1828
1828
1833
1830
1838
1838
1833
1828
1839
1847
1845
1845
1842
1844
1844
1833
1834
1834
1838
1838
1838
1850
1846
1851
1851
1834
1841
1842
1842
1848
1851
1844
1844
1846
1836
1842
1842
1840
1848
1848
1846
1846
1840
1843
1837
1837
1854
1849
1851
1851
1842
1842
1842
1847
1861
1861
1857
1859
1859
1847
1856
1846
1846
1860
1848
1851
1851
1841
1843
1843
1843
1858
1847
1847
1844
1847
1857
1857
1858
1852
1840
1840
1841
1838
1838
1853
1849
1844
1844
1848
1833
1833
1836
1836
1836
1837
1843
1843
1843
1843
1843
1840
1829
1827
1827
1832
1838
1835
1835
1832
1835
1835
1805
1808
1808
1789
1776
1757
1757
1767
1746
1746
1738
1714
1714
1706
1668
1668
1469
1256
1256
1068
855
855
728
849
1205
1205
1785
1917
1871
1871
1860
1837
1837
1818
1801
1801
1770
1745
1745
1651
1441
1255
1255
1051
845
845
737
768
768
936
1324
1324
1889
1995
1995
1974
1952
1907
1907
1878
1812
1839
1839
1855
1885
1891
1891
1915
1945
1945
1961
1987
1987
2017
2025
2042
2042
2074
2091
2091
2128
2144
2162
2200
2197
2197
2222
2226
2249
2255
2284
2307
2307
2322
2343
2343
2377
2393
2420
2420
2443
2458
2458
2480
2502
2215
1973
1973
1812
1798
1798
1764
1700
1733
1719
1719
1722
1702
1702
1695
1697
1696
1709
1703
1695
1695
1692
1671
1671
1668
1652
1652
1649
1626
1626
1619
1619
1610
1601
1601
1597
1594
1588
1586
1586
1577
1579
1579
1579
1576
1576
1571
1574
1574
1582
1592
1592
1602
1595
1595
1610
1610
1614
1613
1613
1630
1630
1627
1627
1637
1652
1653
1653
1657
1667
1667
1666
1687
1686
1686
1696
1707
1706
1706
1715
1727
1727
1736
1739
1757
1761
1768
1783
1783
1785
1791
1791
1800
1805
1821
1821
1830
1836
1834
1834
1835
1841
1831
1831
1835
1838
1850
1850
1849
1846
1840
1840
1836
1832
1820
1785
1785
1830
1786
1786
1788
1778
1778
1674
1464
1262
1063
1063
844
748
800
800
816
1002
1002
1298
1692
1692
2101
2016
2016
1975
1945
1901
1901
1874
1792
1751
1711
1689
1679
1679
1652
1645
1645
1634
1666
1666
1581
1652
1652
1661
1699
1720
1720
1766
1804
1804
1843
1897
1897
1939
1985
2010
2010
2069
2116
2116
2146
2248
2284
2323
2379
2425
2425
2467
2501
2549
2549
2566
2582
2343
2343
2095
1955
1955
1937
1926
1926
1916
1844
1844
1949
1940
1940
1948
1956
1970
1970
1990
1990
2021
2073
2092
2121
2121
2139
2168
2168
2205
2212
2237
2237
2258
2258
2296
2310
2310
2329
2364
2364
2382
2407
2407
2422
2422
2432
2389
2132
1960
1960
1939
1900
1900
1887
1938
1906
1903
1903
1915
1920
1920
1919
1933
1911
1911
1923
1931
1931
1916
1921
1900
1903
1903
1906
1887
1887
1886
1891
1880
1880
1863
1866
1866
1865
1843
1816
1841
1841
1775
1825
1806
1816
1816
1827
1838
1848
1848
1853
1856
1867
1867
1889
1891
1896
1896
1920
1925
1937
1937
1950
1957
1976
1976
1989
1985
2018
2025
2032
2032
2028
2022
2022
2028
2028
2033
2049
2033
2030
2030
2042
2040
2040
2031
2031
2023
2031
2031
2045
2024
2024
2025
2039
2036
2036
2035
2035
2034
2044
2044
2034
2029
2035
2035
2042
2046
2040
2040
2033
2038
2038
2054
2059
2062
2049
2049
2043
2044
2044
2058
2060
2052
2048
2048
2056
2054
2056
2043
2043
2053
2053
2050
2052
2052
2042
2042
2042
2034
2041
2050
2050
2035
2024
2024
2025
2025
2033
2030
2030
2017
2014
2014
2025
2014
2007
2007
2010
2009
2009
1978
1984
1963
1932
1775
1775
1550
1350
1350
1146
926
732
732
733
976
976
1341
1884
1884
2228
2228
2170
2143
2143
2114
2096
2096
2087
2054
2054
2041
2037
2037
2022
1998
1998
1955
1954
1954
1923
1935
1935
1918
1913
1901
1901
1898
1898
1922
1892
1892
1878
1881
1881
1902
1917
1925
1925
1942
1952
1974
1974
1999
1999
2007
2034
2059
2059
2077
2104
2109
2111
2117
2117
2114
2096
2096
2103
2101
2031
2031
2074
2060
2060
2044
2055
2040
2040
2034
2020
2012
2010
2010
1980
1984
1966
1966
1953
1957
1957
1935
1923
1888
1870
1833
1833
1806
1773
1773
1573
1353
1353
1155
954
954
793
793
1363
1748
1748
