1563
1582
1577
1577
1571
1588
1588
1589
1555
1555
1582
1551
1551
1549
1543
1543
1535
1535
1546
1564
1564
1572
1576
1590
1614
1614
1620
1651
1651
1659
1685
1685
1689
1707
1707
1729
1733
1733
1741
1765
1775
1775
1807
1816
1816
1835
1858
1858
1885
1880
1879
1675
1413
1391
1391
1194
995
832
832
751
766
766
769
774
774
775
996
1312
1312
1709
1709
2129
2402
2402
2322
2298
2292
2292
2259
2277
2277
2264
2281
2281
2247
2263
2291
2291
2270
2110
2110
1879
1667
1667
1564
1551
1612
1612
1534
1569
1569
1613
1632
1671
1694
1694
1744
1778
1825
1825
1858
1886
1886
1962
1981
1981
2024
2067
2143
2163
2195
2247
2247
2260
2315
2315
2331
2326
2326
2157
1909
1909
1769
1726
1726
1686
1734
1734
1698
1683
1683
1733
1703
1712
1712
1731
1753
1753
1755
1776
1786
1823
1835
1869
1869
1879
1887
1887
1922
1936
1936
1934
1951
1951
1959
1968
1980
1980
1967
1983
1983
1966
1976
1966
1966
1970
1972
1948
1948
1962
1943
1943
1951
1937
1923
1880
1835
1813
1813
1797
1735
1735
1680
1648
1596
1596
1527
1338
1338
1114
913
913
734
714
714
860
1140
1140
1536
1525
1527
1527
1554
1535
1535
1522
1552
1611
1611
1619
1659
1659
1676
1719
1719
1743
1765
1765
1795
1810
1810
1846
1878
1878
1897
1917
1917
1930
1938
1938
1960
1956
1956
1965
1951
1957
1957
1955
1969
1969
2008
2015
2015
2025
2052
2065
2065
2087
2104
2104
2117
2134
2134
2138
2157
2164
2164
2187
2212
2227
2227
2267
2285
2285
2331
2366
2376
2376
2365
2102
2102
1865
1786
1790
1790
1743
1743
1680
1753
1776
1776
1782
1796
1803
1803
1818
1820
1820
1826
1826
1826
1833
1849
1849
1850
1867
1867
1854
1850
1850
1825
1825
1825
1831
1831
1848
1831
1829
1829
1869
1788
1788
1858
1815
1815
1813
1805
1805
1823
1794
1794
1830
1803
1803
1824
1803
1803
1804
1800
1800
1800
1795
1795
1781
1782
1782
1773
1764
1764
1757
1754
1757
1757
1743
1726
1726
1706
1665
1665
1628
1628
1592
1589
1582
1582
1563
1579
1579
1643
1571
1571
1595
1618
1626
1626
1663
1671
1703
1703
1723
1749
1749
1773
1853
1884
1884
1908
1927
1927
1963
1980
1980
2014
2042
2042
2069
2082
2109
2109
2147
2170
2170
2193
2206
2245
2245
2256
2289
2289
2306
2319
2345
2345
2381
2399
2423
2443
2475
2506
2506
2510
2531
2556
2556
2589
2579
2581
2570
2545
2520
2520
2474
2474
2440
2402
2402
2339
2296
2296
2281
2242
2242
2230
2202
2200
2200
2150
2150
2141
2134
2134
2124
2110
2092
2092
2081
2081
2059
2048
2032
2032
2019
2006
1971
1971
1957
1922
1922
1908
1908
1878
1828
1793
1793
1766
1766
1705
1495
1495
1310
916
819
819
1273
1844
1931
1931
1936
1944
1931
1931
1931
2023
2023
1941
1962
1962
1972
1976
1976
2013
2024
2024
2039
2039
2063
2088
2104
2104
2129
2147
2147
2183
2193
1708
1637
1639
1639
1572
1597
1700
1700
1571
1610
1610
1616
1619
1619
1642
1638
1638
1671
1663
1663
1683
1685
1685
1687
1699
1692
1692
1692
1703
1703
1700
1696
1702
1702
1697
1697
1689
1689
1689
1697
1680
1680
1681
1672
1672
1672
1663
1663
1663
1665
1665
1661
1669
1653
1653
1664
1656
1656
1658
1649
1649
1590
1404
1404
1305
1297
1841
2162
2162
2131
2111
2111
2092
2082
2082
2058
2122
2122
2036
2045
2043
2043
2069
2069
2065
2081
2087
2087
2098
2106
2106
2116
2132
2132
2139
2136
2136
2155
2173
2166
2166
2168
2182
2182
2192
2200
2200
2199
2213
2209
2209
2214
2214
2228
2217
2241
2231
2231
2234
2244
2245
2245
2259
2259
2252
2267
2267
2279
2263
2263
2285
2290
2303
2304
2320
2320
2327
2334
2334
2338
2337
2337
2366
2366
2391
2399
2411
2411
2240
2011
1800
1800
1779
1778
1704
1704
1761
1754
1758
1758
1753
1779
1789
1789
1803
1803
1811
1822
1809
1809
1810
1812
1820
1820
1819
1819
1819
1824
1824
1836
1835
1838
1838
1844
1844
1844
1852
1863
1863
1870
1875
1875
1878
1878
1895
1913
1917
1926
1876
1933
1895
1895
1864
1862
1862
1863
1835
1835
1834
1831
1817
1817
1808
1809
1809
1823
1786
1786
1781
1784
1785
1785
1790
1790
1796
1804
1803
1804
1804
1803
1805
1812
1807
1809
1803
1803
1805
1803
1803
1793
1777
1798
1798
1774
1773
1773
1780
1785
1777
1772
1772
1767
1780
1780
1772
1770
1770
1762
1605
1605
1401
1210
737
799
799
804
857
857
934
1059
1308
1308
1625
1625
1985
2158
2158
2157
2146
2146
2147
2138
2138
2131
2123
2123
2119
2099
2094
2094
2086
2085
2085
2090
2084
2075
2070
2053
2039
2035
2032
2032
2002
1984
1985
1958
1958
1956
1952
1945
1945
1937
1953
1953
1922
1942
1942
1929
1945
1945
1926
1933
1933
1940
1960
1983
1971
2013
2028
2038
2038
2047
2062
2062
2093
2107
2117
2117
2126
2138
2138
2149
2168
2168
2175
2166
2166
2181
2205
2205
2212
2198
2214
2214
2213
2213
2224
2243
2243
2243
2251
2251
2246
2246
2257
2248
2248
2251
2244
2252
2252
2242
2248
2238
2238
2250
2131
2131
1967
1740
1672
1672
1580
1647
1622
1622
1643
1643
1630
1583
1595
1615
1637
1641
1636
1647
1647
1651
1643
1633
1633
1639
1634
1634
1636
1618
1618
1638
1628
1617
1617
1618
1607
1607
1616
1606
1599
1599
1605
1597
1597
1584
1584
1583
1576
1547
1351
1351
1231
1231
1260
1185
1417
2020
2020
2003
2012
2012
2048
2005
2057
2057
2053
2050
2060
2060
2100
2141
2195
2195
2236
2264
2296
2296
2347
2435
2459
2467
2404
2404
2165
1940
1862
1825
1825
1818
1955
1893
1824
1824
1853
1858
1858
1858
1869
1891
1891
1900
1916
1932
1932
1946
1967
1978
1978
2009
