820
1085
1078
1030
1151
1503
1650
1841
2026
2205
2367
2545
2508
2240
2240
1996
1794
1794
1510
1592
1481
1481
1565
1636
1636
1701
1777
1777
1851
1932
1932
2033
2128
2128
2215
2427
2519
2598
2598
2605
2424
2146
2146
1918
1918
1777
1856
1856
1774
1768
1768
1805
1832
1832
1859
1885
1885
1920
1954
1954
2014
2036
2074
2074
2117
2160
2207
2207
2236
2326
2396
2396
2445
2492
2488
2488
2266
2025
2025
1875
1846
1858
1850
1850
1800
1850
1850
1822
1836
1845
1845
1870
1873
1873
1884
1884
1902
1925
1925
1934
1965
1965
2024
2024
2030
2048
2068
2068
2090
2105
2105
2135
2155
2155
2193
2213
2213
2224
2253
2264
2294
2294
2319
2319
2319
2318
2078
2078
1889
1825
1825
1827
1805
1805
1811
1879
1819
1819
1824
1826
1826
1819
1826
1826
1833
1846
1846
1861
1871
1871
1869
1886
1886
1915
1911
1911
1926
1948
1948
1951
1951
1970
1976
1976
1982
1982
2004
2004
2010
2014
2014
2050
2066
2059
2059
2070
2083
2083
2090
2096
2110
2110
2118
2131
2131
2145
2145
2157
2163
2163
2157
2165
2165
2189
2184
2184
2184
2193
2193
2209
2203
2222
2222
2230
2227
2227
2261
2260
2287
2291
2291
2292
2315
2315
2329
2329
2329
2333
2348
2348
2374
2377
2389
2389
2399
2400
2388
2384
2384
2279
2042
2042
1816
1606
1606
1577
2126
2774
2610
2577
2524
2524
2333
2086
1853
1639
1639
1712
2198
2198
2786
2837
2837
2850
2799
2780
2780
2768
2743
2718
2718
2696
2674
2674
2655
2634
2634
2587
2587
2587
1974
1974
1754
1551
1551
1643
1905
1905
1867
1853
1853
1869
1869
1869
1864
1872
1888
1888
1889
1886
1886
1903
1895
1886
1886
1887
1886
1886
1864
1864
1858
1689
1689
1485
882
735
735
741
909
1163
1163
1539
2006
2002
2002
1993
1942
1942
1928
1894
1894
1856
1828
1828
1800
1762
1762
1729
1710
1710
1572
1365
1365
1164
967
967
775
755
760
769
769
797
1022
1022
1083
884
730
730
766
777
777
1042
1634
1634
2156
2028
2028
1933
1935
1935
1938
1951
1951
1949
1965
1965
1993
1993
2016
2067
2123
2196
2335
2364
2101
2101
1866
1647
1678
1678
1615
1630
1630
1636
1680
1680
1688
1703
1703
1738
1750
1760
1760
1787
1823
1847
1847
1889
1903
1903
1939
1969
2020
2059
2105
2105
2114
2144
2144
2178
2217
2217
2242
2288
2305
2305
2328
2368
2368
2404
2428
2447
2447
2477
2479
2479
2277
2032
1818
1818
1791
1883
1883
1795
1788
1795
1802
1802
1812
1824
1824
1842
1847
1869
1869
1894
1906
1906
1919
1948
1950
1950
1980
1990
1990
2001
2031
2031
2052
2052
2057
2079
2079
2095
2108
2108
2121
2135
2152
2138
2123
2123
2111
2118
2081
2081
2032
2067
2067
2082
2079
2079
2057
2058
2030
2028
2028
2038
2048
2048
2066
2072
2072
2089
2108
2108
2145
2145
2161
2173
2173
2201
2242
2242
2268
2282
2282
2303
2334
2334
2360
2363
2363
2377
2373
2373
2357
2327
2359
2359
2356
2356
2345
2318
2318
2284
2101
2101
1879
1657
1657
1459
1459
1268
1476
1476
2494
2450
2450
2400
2348
2348
2281
2226
2033
2033
1803
1584
1376
1376
1180
988
988
1238
1543
1543
1878
1834
1834
1609
1519
1519
1444
1421
1421
1427
1482
1482
1524
1478
1596
1596
1639
1707
1707
1774
1774
1834
1880
1880
1937
2000
2000
2067
2126
2179
2179
2222
2283
2283
2339
2375
2375
2414
2464
2464
2504
2523
2578
2598
2518
2038
1798
1779
1817
1817
1740
1770
1770
1789
1808
1828
1828
1850
1850
1880
1899
1939
1939
1938
1975
1992
1992
2017
2040
2040
2062
2069
2081
2081
2096
2107
2107
2148
2157
2179
2179
2173
2197
2197
2204
2206
2206
2236
2236
2231
2263
2256
2256
2283
2275
2275
2300
2315
2311
2311
2328
2328
2335
2349
2349
2345
2343
2349
2349
2369
2376
2391
2399
2410
2410
2420
2429
2429
2434
2441
2436
2436
2443
2388
2388
2155
1926
1926
1827
1795
1797
1797
1815
1824
1824
1811
1744
1750
1750
1736
1721
1759
1759
1690
1710
1710
1689
1682
1682
1686
1686
1666
1661
1646
1646
1675
1632
1650
1650
1626
1635
1635
1616
1624
1620
1620
1602
1606
1606
1596
1579
1577
1577
1577
1565
1559
1550
1539
1529
1529
1528
1492
1492
1498
1491
1486
1486
1474
1465
1465
1448
1434
1434
1304
1110
903
903
727
727
792
1061
1061
1392
1884
1884
1722
1802
1774
1774
1824
1843
1843
1868
1907
1907
1932
1932
1959
1989
1989
2017
2034
2034
2058
2058
2077
2102
2102
2125
2154
2154
2193
2210
2210
2220
2252
2259
2259
2277
2105
2105
1889
1715
1715
1697
1715
1715
1655
1661
1661
1678
1678
1689
1689
1687
1706
1725
1733
1733
1742
1769
1769
1788
1810
1810
1829
1846
1846
1870
1897
1916
1916
1933
1954
1954
1969
1996
2018
2053
2053
2068
2085
2093
2093
2107
2115
2115
2126
2138
2138
2153
2146
2146
2162
2186
2195
2195
2193
2205
2205
2223
2224
2224
2246
2233
2261
2261
2249
2279
2283
2285
2285
2303
2303
2298
2279
2279
2133
1899
1899
1783
1758
1758
1802
1779
1779
1785
1805
1805
1794
1775
1775
1777
1779
1779
1784
1782
1782
1782
1785
1785
1775
1775
1777
1778
1778
1775
1778
1791
1791
1785
1775
1775
1779
1780
1772
1772
1762
1748
1748
1740
1726
1726
1724
1697
1697
1598
1381
1182
1182
970
764
764
682
730
730
1836
1921
1922
1922
1914
1899
1899
1873
1856
1848
1848
1828
1813
1813
1802
1861
1861
1766
1794
1794
1798
1809
1815
1815
1823
1828
1828
1825
1833
1844
1844
1855
1869
1870
1886
1912
1912
1909
1935
1935
1941
1944
1944
1974
1984
1969
1969
1991
1988
1988
2001
2002
2002
1993
2000
1999
1999
1982
1989
1989
1982
1982
1971
1970
1921
1921
1946
1919
