1455
1451
1466
1476
1487
1506
1513
1520
1520
1536
1538
1536
1536
1539
1550
1565
1568
1568
1572
1567
1578
1578
1593
1586
1592
1592
1607
1603
1603
1612
1621
1621
1623
1648
1643
1643
1659
1651
1651
1671
1659
1659
1677
1673
1673
1683
1690
1679
1679
1695
1695
1695
1700
1700
1700
1696
1698
1698
1709
1716
1716
1700
1713
1713
1719
1711
1718
1716
1713
1716
1716
1722
1716
1712
1712
1724
1724
1713
1713
1709
1717
1711
1711
1707
1707
1700
1691
1691
1672
1670
1670
1639
1665
1665
1677
1599
1599
1649
1649
1626
1608
1608
1589
1591
1599
1599
1589
1586
1586
1592
1585
1585
1572
1573
1573
1578
1577
1566
1566
1568
1578
1578
1576
1571
1575
1575
1582
1586
1586
1575
1577
1577
1590
1596
1593
1593
1580
1583
1591
1591
1594
1588
1588
1595
1594
1594
1592
1603
1603
1608
1608
1601
1610
1610
1609
1608
1608
1614
1608
1614
1614
1618
1611
1632
1632
1619
1640
1640
1638
1647
1647
1637
1653
1653
1645
1661
1649
1649
1663
1663
1658
1669
1669
1664
1675
1675
1666
1668
1668
1664
1636
1636
1610
1610
1644
1616
1619
1619
1596
1220
1223
1085
1085
888
731
731
962
1284
1759
1759
2001
1983
1983
1952
1952
1942
1927
1927
1920
1897
1897
1902
1891
1891
1882
1889
1889
1889
1889
1862
1851
1851
1851
1842
1840
1840
1818
1819
1819
1820
1819
1819
1828
1889
1889
1831
1824
1824
1870
1846
1846
1864
1896
1896
1900
1899
1899
1913
1912
1912
1927
1927
1946
1943
1943
1815
1586
1586
1427
1393
1487
1490
1490
1456
1502
1502
1472
1472
1482
1488
1488
1487
1508
1508
1510
1530
1530
1546
1560
1560
1574
1578
1578
1583
1602
1602
1603
1614
1614
1631
1635
1635
1655
1670
1686
1686
1688
1687
1716
1716
1699
1714
1714
1728
1740
1740
1735
1731
1731
1730
1748
1748
1753
1733
1733
1731
1735
1735
1743
1752
1752
1736
1742
1742
1738
1738
1742
1726
1706
1706
1723
1745
1745
1733
1707
1707
1724
1722
1713
1713
1700
1705
1705
1695
1695
1685
1683
1683
1659
1671
1671
1659
1669
1669
1650
1638
1638
1636
1627
1627
1628
1592
1595
1595
1595
1573
1573
1571
1571
1577
1559
1543
1543
1535
1535
1528
1519
1519
1503
1494
1494
1481
1473
1473
1458
1441
1436
1436
1437
1437
1415
1404
1404
1440
1376
1424
1416
1420
1420
1423
1440
1440
1452
1463
1463
1465
1469
1469
1485
1487
1487
1483
1476
1476
1466
1406
1206
1206
1143
1159
1159
1122
1135
1135
1286
1551
1551
1905
1851
1831
1802
1785
1785
1760
1738
1738
1721
1714
1714
1701
1673
1673
1667
1645
1645
1632
1632
1619
1593
1593
1590
1590
1579
1558
1558
1580
1510
1510
1541
1506
1506
1506
1509
1511
1518
1535
1539
1546
1546
1567
1582
1582
1594
1609
1609
1641
1641
1644
1675
1675
1671
1700
1700
1711
1711
1713
1741
1741
1758
1771
1786
1786
1796
1796
1806
1815
1815
1831
1831
1841
1855
1862
1862
1872
1772
1376
1364
1623
1843
1843
1824
1812
1812
1792
1784
1784
1766
1758
1740
1740
1751
1736
1736
1740
1726
1711
1711
1716
1692
1681
1662
1680
1697
1697
1666
1658
1658
1664
1668
1671
1671
1691
1680
1680
1695
1715
1706
1706
1726
1743
1743
1750
1750
1750
1758
1758
1757
1763
1763
1777
1760
1777
1777
1761
1775
1765
1765
1754
1758
1758
1767
1767
1752
1740
1740
1736
1735
1735
1726
1734
1734
1709
1706
1706
1705
1705
1687
1685
1678
1678
1662
1671
1671
1653
1655
1655
1652
1651
1658
1664
1664
1664
1678
1678
1673
1666
1666
1668
1658
1658
1665
1645
1645
1650
1631
1631
1637
1614
1614
1603
1608
1608
1626
1626
1579
1600
1600
1605
1624
1632
1670
1695
1717
1721
1721
1748
1777
1777
1790
1804
1804
1814
1834
1834
1834
1853
1853
1864
1864
1882
1901
1902
1902
1929
1920
1920
1952
1947
1947
1970
1969
1969
1788
1567
1567
1440
1544
1544
1502
1475
1475
1503
1521
1521
1535
1551
1551
1566
1570
1570
1587
1591
1591
1591
1596
1596
1601
1598
1598
1609
1621
1621
1609
1630
1630
1634
1635
1635
1648
1652
1663
1663
1675
1680
1680
1681
1687
1687
1695
1695
1695
1691
1693
1693
1698
1684
1692
1692
1688
1685
1685
1693
1693
1685
1686
1686
1692
1675
1675
1683
1679
1679
1684
1655
1572
1572
1373
1155
956
956
758
749
767
767
971
1260
1659
1659
1823
1823
1821
1803
1772
1772
1765
1771
1764
1764
1769
1755
1755
1736
1736
1726
1726
1708
1708
1701
1708
1708
1732
1708
1708
1686
1703
1718
1718
1715
1719
1741
1741
1757
1774
1779
1779
1784
1587
1399
1399
1288
1315
1351
1254
1254
1364
1377
1379
1379
1406
1416
1416
1436
1455
1455
1485
1492
1517
1529
1529
1538
1558
1568
1568
1582
1580
1580
1590
1590
1612
1610
1622
1642
1642
1644
1658
1658
1677
1683
1694
1695
1695
1695
1702
1702
1700
1696
1696
1697
1690
1690
1671
1711
1711
1687
1683
1695
1695
1682
1683
1683
1671
1662
1662
1668
1651
1651
1662
1647
1664
1652
1640
1670
1670
1669
1642
1642
1646
1677
1646
1646
1675
1675
1658
1660
1657
1657
1657
1672
1672
1658
1676
1676
1666
1670
1670
1667
1671
1659
1659
1609
1609
1673
1666
1650
1655
1637
1644
1644
1634
1627
1627
1635
1632
1632
1643
1627
1627
1635
1620
1624
1624
1632
1623
1623
1643
1630
1630
1642
1634
1634
1649
1642
1651
1651
1640
1655
1648
1660
1660
1649
1666
1666
1653
1665
1665
1659
1668
1668
1665
1673
1668
1668
1667
1679
1679
1669
1679
1674
1674
1678
1678
1683
1673
1685
1685
1675
1682
1682
1675
1682
1692
1694
1694
1682
1683
1683
1668
1661
1661
1645
1640
1640
1626
1619
1600
1599
1599
1581
1557
1542
1527
1527
1519
1500
1500
1486
1472
1472
1461
1448
