1734
1707
1680
1682
1658
1646
1652
1648
1645
1637
1637
1624
1604
1592
1592
1587
1578
1571
1562
1562
1538
1538
1536
1538
1538
1529
1515
1515
1502
1502
1486
1481
1481
1501
1479
1479
1485
1465
1465
1469
1480
1434
1434
1449
1458
1458
1446
1419
1386
1350
1350
1291
1117
1117
1038
963
963
932
966
966
989
1044
1044
1181
1241
1134
1134
971
971
840
813
813
831
897
901
901
902
896
896
881
866
866
853
853
839
839
834
827
827
817
808
808
797
794
794
794
794
794
798
799
799
799
800
800
801
800
801
801
800
800
799
800
800
802
799
802
802
801
797
800
800
801
799
800
800
801
799
801
801
801
799
800
801
801
799
800
799
799
799
799
801
802
802
800
801
800
800
799
800
801
801
799
800
801
801
799
800
800
800
800
801
801
802
799
800
800
800
799
801
801
801
801
799
800
800
801
799
800
799
799
799
802
802
802
799
799
801
800
799
799
801
800
800
800
800
800
799
801
800
800
800
802
802
801
800
800
800
801
799
801
801
801
798
800
801
799
799
800
800
799
801
799
799
799
800
800
801
799
802
799
801
801
800
799
799
799
798
799
799
800
801
799
799
801
800
800
798
801
801
801
799
803
825
825
963
1244
1244
1453
1516
1442
1312
1299
1293
1276
1276
1261
1255
1246
1327
1327
1411
1488
1488
1539
1638
1638
1684
1778
1833
1833
1939
1996
1996
2084
2084
2118
2135
2135
2061
1924
1924
1776
1604
1207
1301
1275
1275
1320
1385
1385
1444
1508
1508
1570
1634
1634
1678
1740
1740
1784
1823
1865
1865
1906
1892
1892
1931
1848
1717
1576
1576
1402
1105
1149
1149
1178
1190
1195
1204
1204
1212
1228
1228
1237
1248
1256
1256
1264
1271
1282
1295
1295
1306
1311
1311
1316
1327
1327
1339
1339
1329
1301
1301
1323
1327
1327
1328
1321
1321
1313
1313
1309
1303
1300
1300
1296
1291
1289
1295
1287
1291
1302
1302
1297
1295
1295
1306
1306
1315
1322
1322
1335
1345
1345
1359
1367
1395
1405
1421
1435
1451
1458
1458
1475
1488
1496
1499
1499
1507
1473
1504
1504
1502
1503
1490
1490
1489
1505
1482
1494
1494
1503
1503
1490
1496
1516
1518
1518
1529
1539
1562
1570
1586
1596
1596
1602
1616
1616
1622
1612
1591
1605
1605
1604
1607
1599
1599
1590
1579
1579
1572
1567
1567
1558
1551
1551
1543
1535
1529
1529
1521
1508
1493
1493
1489
1483
1480
1480
1471
1475
1475
1477
1452
1453
1453
1478
1481
1479
1487
1487
1483
1470
1470
1513
1505
1505
1464
1484
1491
1491
1491
1482
1492
1490
1490
1490
1485
1484
1484
1485
1493
1493
1493
1489
1496
1501
1501
1500
1501
1497
1503
1503
1510
1510
1508
1503
1458
1458
1481
1491
1484
1480
1480
1480
1473
1471
1471
1470
1465
1465
1484
1446
1452
1452
1450
1446
1446
1453
1452
1452
1452
1449
1451
1441
1441
1411
1425
1428
1428
1422
1410
1406
1399
1401
1401
1402
1407
1407
1419
1422
1428
1446
1446
1455
1465
1476
1476
1489
1503
1509
1509
1530
1530
1527
1527
1519
1546
1548
1525
1525
1533
1531
1533
1533
1535
1538
1536
1535
1535
1533
1489
1489
1514
1558
1558
1548
1527
1527
1527
1536
1544
1543
1543
1542
1554
1558
1561
1561
1570
1578
1585
1585
1588
1590
1590
1564
1578
1578
1587
1587
1588
1588
1579
1572
1572
1573
1572
1572
1569
1569
1572
1562
1562
1587
1575
1575
1561
1542
1542
1535
1534
1534
1534
1529
1542
1542
1514
1535
1538
1552
1562
1565
1565
1577
1584
1584
1590
1603
1603
1609
1612
1626
1626
1633
1635
1635
1639
1641
1651
1651
1656
1654
1660
1660
1664
1671
1681
1681
1684
1692
1708
1708
1716
1714
1714
1726
1729
1730
1730
1733
1736
1731
1731
1734
1719
1755
1755
1730
1712
1696
1696
1692
1690
1686
1677
1677
1665
1674
1674
1659
1644
1620
1633
1643
1643
1646
1652
1645
1656
1656
1659
1666
1666
1664
1666
1666
1678
1676
1677
1677
1688
1685
1684
1684
1683
1677
1634
1634
1657
1680
1659
1659
1673
1686
1686
1679
1683
1691
1691
1699
1697
1697
1711
1711
1716
1710
1710
1711
1721
1722
1715
1715
1717
1723
1723
1717
1711
1711
1668
1668
1693
1682
1673
1660
1677
1677
1669
1677
1677
1677
1681
1690
1690
1690
1685
1678
1678
1700
1700
1686
1664
1664
1658
1683
1663
1663
1644
1668
1672
1672
1662
1676
1676
1682
1694
1703
1703
1708
1714
1724
1724
1731
1745
1748
1748
1754
1763
1765
1765
1767
1771
1768
1768
1766
1737
1737
1769
1750
1750
1729
1718
1719
1719
1717
1707
1706
1706
1707
1703
1690
1690
1685
1691
1691
1687
1704
1694
1694
1687
1692
1692
1693
1695
1695
1701
1699
1699
1706
1711
1711
1711
1696
1712
1712
1702
1696
1695
1700
1700
1680
1688
1685
1685
1679
1681
1683
1683
1685
1688
1688
1674
1645
1645
1651
1664
1664
1652
1642
1642
1633
1639
1639
1622
1613
1632
1632
1631
1631
1631
1634
1638
1638
1634
1616
1661
1648
1626
1623
1623
1634
1641
1634
1634
1641
1646
1658
1658
1675
1661
1660
1660
1671
1675
1681
1681
1691
1693
1693
1677
1692
1682
1681
1681
1664
1671
1668
1663
1662
1662
1659
1655
1655
1659
1664
1667
1667
1676
1684
1684
1698
1710
1710
1724
1734
1734
1749
1765
1765
1768
1785
1785
1783
1786
1786
1764
1776
1783
1783
1764
1745
1745
1746
1746
1745
1748
1737
1737
1736
1733
1733
1732
1731
1731
1729
1722
1723
1720
1720
1714
1708
1708
1704
1695
1695
1697
1694
1694
1689
1684
1681
1681
1672
1665
1665
1658
1656
1650
1650
1645
1644
