1470
1460
1441
1436
1425
1417
1408
1403
1400
1393
1391
1386
1386
1383
1383
1379
1380
1378
1376
1376
1380
1379
1379
1376
1376
1373
1371
1371
1366
1363
1363
1356
1351
1341
1341
1326
1327
1322
1322
1307
1300
1300
1293
1281
1269
1269
1260
1254
1254
1244
1235
1235
1226
1220
1220
1203
1198
1196
1196
1195
1191
1189
1189
1191
1195
1198
1198
1211
1207
1212
1212
1222
1225
1225
1235
1240
1246
1246
1252
1259
1259
1267
1272
1280
1280
1287
1291
1316
1316
1316
1320
1320
1327
1332
1335
1335
1332
1315
1315
1344
1343
1343
1342
1343
1343
1344
1338
1334
1328
1328
1313
1313
1309
1300
1300
1291
1252
1245
1245
1232
1220
1208
1201
1201
1189
1176
1176
1171
1162
1156
1156
1150
1153
1151
1151
1152
1162
1167
1167
1176
1196
1229
1186
1556
1495
1497
1468
1430
1406
1405
1418
1442
1462
1472
1487
1497
1500
1500
1501
1503
1503
1503
1507
1514
1513
1513
1513
1512
1510
1510
1508
1501
1494
1488
1488
1478
1459
1443
1433
1426
1426
1418
1412
1408
1406
1406
1403
1403
1403
1396
1396
1393
1396
1393
1393
1396
1396
1395
1394
1395
1395
1391
1391
1404
1389
1389
1395
1404
1398
1411
1411
1413
1410
1410
1443
1438
1426
1435
1435
1443
1450
1452
1463
1463
1464
1471
1471
1478
1478
1486
1489
1489
1495
1498
1504
1504
1506
1511
1520
1520
1527
1532
1534
1537
1537
1524
1541
1539
1539
1545
1550
1550
1546
1554
1554
1554
1554
1554
1554
1557
1561
1563
1563
1560
1562
1565
1569
1569
1568
1572
1572
1574
1571
1570
1570
1572
1570
1570
1565
1563
1557
1557
1552
1545
1545
1539
1527
1527
1520
1512
1512
1504
1492
1479
1468
1468
1431
1390
1372
1370
1378
1398
1417
1460
1480
1506
1530
1552
1574
1594
1608
1628
1640
1640
1645
1650
1650
1656
1660
1667
1667
1665
1673
1673
1688
1695
1695
1704
1712
1712
1725
1733
1748
1803
1803
1820
1833
1847
1860
1860
1876
1893
1903
1903
1923
1930
1940
1940
1951
1961
1973
1973
1974
1987
1999
1999
2000
2013
2022
2022
2025
2034
2039
2059
2069
2067
2067
2072
2082
2085
2077
1818
1122
1766
1767
1777
1785
1791
1794
1794
1805
1807
1813
1817
1817
1820
1819
1827
1826
1824
1823
1822
1819
1819
1819
1817
1817
1817
1813
1813
1813
1817
1817
1818
1815
1818
1816
1815
1815
1814
1816
1816
1820
1820
1820
1816
1816
1816
1813
1819
1819
1815
1818
1818
1821
1821
1821
1823
1823
1823
1827
1830
1830
1809
1872
1872
1831
1830
1824
1824
1839
1839
1831
1828
1828
1831
1828
1829
1827
1827
1830
1832
1832
1830
1831
1832
1831
1831
1830
1831
1828
1828
1825
1825
1825
1829
1829
1827
1832
1825
1824
1824
1824
1824
1824
1828
1828
1827
1826
1826
1826
1827
1825
1824
1824
1824
1824
1823
1826
1826
1822
1830
1830
1830
1828
1828
1830
1827
1824
1824
1826
1824
1824
1824
1825
1825
1827
1831
1831
1830
1828
1828
1830
1824
1823
1828
1824
1824
1824
1824
1821
1825
1821
1821
1817
1818
1818
1817
1814
1815
1815
1816
1817
1820
1820
1817
1817
1817
1819
1821
1815
1815
1826
1807
1810
1814
1814
1813
1806
1806
1811
1810
1810
1809
1810
1810
1810
1806
1806
1806
1808
1811
1811
1811
1812
1807
1807
1810
1787
1787
1778
1778
1682
1682
1649
1649
1616
1589
1589
1558
1464
1285
1285
1148
1063
1074
1074
1343
1776
1776
1740
1725
1725
1720
1710
1710
1699
1692
1677
1670
1670
1656
1643
1643
1607
1588
1530
1348
1348
1180
1093
1093
1008
987
987
995
1121
1121
1309
1549
1549
1599
1599
1582
1553
1540
1540
1525
1506
1506
1493
1480
1478
1478
1472
1474
1471
1472
1499
1490
1490
1482
1487
1487
1489
1498
1498
1497
1508
1508
1504
1520
1520
1518
1534
1536
1536
1547
1548
1548
1556
1563
1563
1562
1562
1572
1576
1576
1576
1562
1575
1575
1576
1575
1575
1576
1577
1577
1573
1574
1574
1572
1568
1564
1549
1537
1537
1533
1522
1514
1514
1503
1492
1485
1470
1470
1470
1464
1466
1462
1465
1465
1461
1464
1458
1458
1459
1460
1460
1457
1460
1458
1458
1458
1455
1457
1452
1454
1454
1451
1457
1457
1452
1450
1451
1451
1449
1451
1451
1443
1435
1415
1415
1345
1337
1337
1317
1311
1299
1294
1293
1299
1288
1288
1289
1291
1291
1291
1291
1286
1286
1287
1287
1286
1289
1289
1289
1291
1295
1307
1299
1306
1306
1306
1307
1312
1312
1316
1320
1320
1327
1320
1322
1322
1309
1320
1320
1321
1326
1331
1331
1328
1328
1334
1334
1336
1353
1337
1337
1346
1350
1361
1366
1366
1370
1375
1381
1386
1386
1389
1403
1397
1397
1412
1414
1414
1422
1420
1420
1436
1434
1448
1448
1443
1458
1460
1460
1472
1477
1477
1491
1513
1521
1521
1526
1534
1534
1540
1547
1555
1555
1563
1567
1569
1582
1582
1589
1597
1602
1602
1612
1618
1618
1623
1634
1635
1635
1646
1649
1664
1686
1686
1693
1700
1705
1705
1716
1719
1726
1734
1734
1741
1752
1752
1754
1759
1759
1765
1770
1770
1780
1778
1777
1777
1797
1781
1790
1790
1787
1789
1789
1791
1793
1793
1792
1793
1793
1795
1796
1796
1798
1801
1809
1809
1815
1780
1784
1817
1805
1805
1808
1813
1812
1812
1816
1816
1814
1813
1814
1814
1812
1812
1811
1815
1811
1810
1810
1815
1812
1817
1817
1834
1812
1822
1822
1827
1828
1828
1832
1836
1836
1840
1842
1846
1846
1848
1854
1860
1870
1883
1919
1938
1952
1952
1978
2001
2023
2023
2053
2081
2120
2146
2146
2175
2211
2240
2271
2271
2294
2281
2256
2127
2127
1974
1820
1894
1863
1887
1896
1896
1908
1910
1919
1929
1929
1932
1924
1924
1941
1956
1942
1948
1948
1952
1954
1954
1955
1961
1960
1966
1968
1969
1969
1955
1975
1972
1974
1974
1972
1974
