84
83
82
82
81
81
81
80
80
80
80
79
79
79
79
79
79
79
79
79
79
79
79
79
79
79
79
78
78
78
78
78
77
77
76
76
76
76
75
75
74
74
74
73
73
72
72
72
71
71
71
70
70
70
69
69
69
69
69
68
68
68
68
68
69
69
69
69
69
70
70
70
70
71
71
71
72
72
72
72
73
73
73
74
74
74
75
75
76
76
76
76
76
77
77
77
77
77
77
77
77
77
77
77
77
77
77
76
76
76
75
75
75
74
74
72
71
71
70
70
69
69
69
68
68
67
67
67
66
66
66
66
66
66
66
66
66
66
67
68
70
71
72
72
72
71
69
68
67
68
69
70
71
71
72
72
72
72
72
73
73
73
73
73
73
73
73
73
73
72
72
72
72
71
71
71
69
69
69
68
68
68
68
68
67
67
67
67
67
67
67
67
67
67
67
67
67
67
67
67
67
66
67
67
67
67
67
67
68
68
68
68
68
68
68
69
69
69
69
70
70
70
70
70
71
71
71
71
71
72
72
72
72
72
72
73
73
73
73
73
74
74
74
74
74
74
74
74
74
74
74
75
75
75
75
75
75
75
75
75
75
75
75
75
75
75
75
75
75
76
76
76
76
76
75
76
75
75
75
75
75
75
74
74
74
73
73
73
73
72
72
72
71
71
70
69
68
66
66
66
66
68
69
71
72
73
74
75
76
77
78
78
79
79
79
79
80
80
80
80
80
80
80
81
81
82
82
82
82
83
83
84
85
87
87
88
89
90
90
91
91
92
92
93
93
93
94
94
94
95
95
95
96
96
96
97
97
97
98
98
98
98
99
100
100
100
100
100
100
101
101
102
102
102
102
102
102
103
103
103
104
104
104
104
104
105
105
105
105
105
105
105
105
105
105
104
104
104
104
104
104
104
104
104
104
104
104
105
105
104
104
105
105
105
105
105
104
105
105
105
105
105
105
105
105
105
105
105
105
105
105
105
104
104
105
105
105
105
105
105
105
105
105
106
105
105
105
105
105
105
105
105
105
105
105
105
105
105
105
105
105
105
105
105
105
105
105
105
105
105
105
105
105
105
105
105
105
105
105
105
105
105
105
105
105
105
105
105
105
105
105
105
105
105
105
105
105
105
105
105
105
105
105
105
105
105
105
105
105
105
105
105
105
105
105
105
105
105
105
105
105
105
105
105
105
105
105
104
104
104
105
105
105
105
105
105
105
104
104
104
104
104
104
104
104
105
104
104
104
104
104
104
104
104
104
104
104
104
104
104
104
104
104
104
104
104
104
103
103
103
102
100
96
95
94
92
91
90
89
88
87
86
86
85
85
85
84
84
84
84
84
83
83
82
82
82
81
81
81
80
80
79
78
78
76
76
75
74
73
71
71
70
68
67
67
65
65
64
63
62
62
61
60
60
59
59
58
58
57
57
57
57
57
57
57
56
57
56
57
57
57
57
57
57
57
57
58
58
58
58
58
58
58
59
59
59
59
59
59
60
60
60
60
60
60
60
61
61
61
60
60
60
61
61
61
60
61
60
60
60
60
60
60
60
59
59
59
59
58
58
58
57
57
57
56
56
56
56
56
56
56
56
56
56
56
56
56
56
56
56
56
56
56
56
56
56
56
56
56
56
56
56
56
56
56
56
56
56
55
55
55
54
53
51
51
50
50
50
50
50
50
50
49
49
49
49
49
49
49
49
49
49
49
49
49
49
49
49
50
50
50
50
50
50
50
50
50
51
51
51
51
51
51
51
51
51
51
51
51
51
51
51
51
51
51
51
51
51
51
52
52
52
52
53
53
53
53
53
53
54
54
54
54
54
54
54
55
55
55
55
55
55
56
56
56
56
56
57
57
57
58
58
58
59
59
59
59
59
60
60
60
60
60
61
61
61
61
61
62
62
62
62
62
63
63
63
63
63
64
65
65
65
65
66
66
66
66
66
67
67
67
67
67
67
67
68
68
68
68
69
69
69
69
69
69
69
69
69
69
69
69
69
69
69
69
69
69
69
69
69
69
69
69
69
69
69
70
69
70
70
70
70
70
70
70
70
70
70
70
70
70
70
70
70
70
70
70
70
70
70
70
70
70
70
70
70
70
70
71
71
71
71
71
71
71
71
71
72
72
73
74
75
75
76
77
78
78
79
80
81
82
83
84
85
86
87
88
89
89
89
89
89
89
89
89
89
90
91
91
92
92
92
93
93
93
93
93
93
93
93
94
94
94
94
94
94
94
94
95
95
95
95
95
94
95
95
95
95
95
95
