1702
1705
1681
1683
1696
1683
1678
1682
1675
1673
1670
1670
1661
1662
1654
1652
1652
1646
1644
1644
1641
1636
1636
1627
1620
1618
1620
1620
1629
1605
1605
1609
1606
1606
1605
1613
1613
1603
1610
1610
1609
1614
1613
1613
1615
1618
1618
1625
1621
1625
1625
1634
1629
1629
1635
1641
1647
1647
1644
1644
1647
1644
1655
1655
1648
1656
1656
1652
1657
1657
1656
1656
1657
1656
1660
1660
1661
1663
1663
1657
1657
1660
1663
1665
1665
1667
1661
1668
1664
1664
1664
1666
1668
1668
1669
1666
1666
1673
1669
1674
1674
1671
1673
1673
1679
1674
1678
1678
1679
1678
1684
1684
1677
1677
1682
1684
1680
1680
1686
1684
1660
1675
1675
1664
1665
1658
1658
1661
1659
1659
1660
1660
1669
1669
1669
1683
1683
1678
1675
1675
1677
1682
1686
1686
1691
1691
1685
1702
1704
1703
1703
1699
1703
1703
1713
1713
1717
1721
1722
1721
1724
1724
1726
1730
1730
1734
1741
1741
1742
1740
1740
1745
1752
1752
1753
1750
1750
1741
1748
1740
1735
1734
1734
1732
1734
1734
1733
1726
1726
1727
1730
1726
1726
1723
1727
1728
1728
1722
1725
1725
1725
1725
1726
1721
1702
1702
1711
1708
1708
1704
1706
1708
1703
1697
1697
1699
1699
1703
1703
1703
1701
1703
1699
1699
1698
1702
1702
1703
1705
1705
1703
1699
1699
1703
1703
1702
1702
1702
1699
1699
1699
1704
1705
1707
1701
1703
1709
1709
1709
1710
1710
1710
1710
1709
1705
1705
1712
1713
1714
1714
1717
1709
1709
1716
1715
1715
1712
1714
1714
1720
1720
1719
1715
1716
1716
1723
1722
1722
1720
1720
1726
1728
1723
1728
1728
1736
1736
1733
1731
1733
1733
1732
1730
1730
1732
1734
1734
1733
1733
1733
1739
1741
1741
1735
1735
1735
1734
1719
1722
1714
1714
1716
1701
1712
1716
1716
1714
1715
1715
1707
1708
1708
1713
1714
1714
1714
1716
1716
1716
1720
1723
1723
1721
1721
1728
1730
1730
1731
1728
1728
1739
1724
1732
1748
1748
1723
1722
1722
1722
1719
1713
1681
1707
1702
1702
1701
1698
1688
1686
1686
1681
1678
1677
1665
1665
1664
1664
1659
1657
1653
1639
1635
1634
1629
1629
1649
1618
1616
1616
1621
1613
1612
1612
1610
1615
1605
1605
1608
1606
1606
1609
1606
1614
1614
1616
1612
1625
1632
1626
1626
1625
1629
1630
1630
1656
1639
1639
1623
1625
1625
1625
1629
1629
1627
1628
1635
1635
1631
1635
1639
1639
1640
1640
1640
1640
1644
1645
1646
1631
1638
1643
1643
1650
1627
1627
1639
1643
1639
1639
1639
1637
1640
1640
1637
1639
1639
1637
1638
1635
1635
1640
1640
1639
1640
1642
1642
1642
1642
1644
1645
1645
1650
1650
1646
1646
1642
1611
1611
1655
1649
1649
1647
1649
1649
1643
1645
1645
1647
1643
1650
1647
1647
1649
1648
1648
1652
1650
1650
1653
1651
1651
1655
1661
1661
1659
1659
1661
1661
1663
1664
1664
1665
1665
1665
1664
1668
1663
1667
1667
1666
1669
1666
1666
1670
1670
1669
1669
1671
1657
1686
1686
1661
1667
1662
1662
1664
1661
1661
1667
1666
1668
1666
1666
1670
1676
1676
1670
1675
1677
1679
1679
1681
1684
1684
1687
1689
1693
1696
1696
1701
1706
1713
1721
1728
1732
1732
1731
1735
1740
1740
1741
1745
1748
1748
1760
1765
1770
1770
1771
1770
1765
1765
1765
1762
1762
1768
1765
1763
1763
1759
1754
1759
1758
1758
1758
1758
1755
1753
1754
1754
1755
1755
1755
1754
1754
1754
1752
1753
1754
1751
1751
1753
1749
1749
1748
1748
1748
1743
1751
1751
1752
1747
1747
1746
1749
1749
1744
1746
1747
1747
1749
1747
1747
1744
1744
1748
1748
1749
1748
1746
1746
1747
1751
1751
1749
1750
1750
1750
1755
1759
1759
1761
1762
1761
1761
1761
1764
1764
1766
1766
1763
1768
1767
1767
1767
1766
1767
1767
1768
1766
1766
1769
1771
1772
1772
1772
1773
1770
1770
1768
1771
1771
1775
1775
1776
1776
1776
1777
1773
1774
1774
1773
1774
1774
1775
1775
1776
1776
1775
1779
1777
1777
1777
1778
1778
1777
1777
1777
1779
1775
1777
1777
1775
1775
1775
1775
1777
1777
1777
1777
1773
1773
1772
1772
1772
1770
1771
1771
1770
1773
1773
1773
1773
1773
1772
1771
1771
1771
1769
1765
1765
1768
1766
1766
1769
1769
1769
1764
1767
1767
1765
1764
1764
1769
1770
1770
1769
1771
1771
1772
1770
1770
1769
1772
1772
1771
1773
1773
1773
1772
1772
1776
1774
1774
1770
1774
1780
1779
1779
1779
1778
1778
1781
1782
1782
1782
1779
1779
1778
1782
1782
1782
1781
1781
1781
1780
1781
1781
1784
1785
1785
1785
1786
1786
1787
1786
1786
1787
1787
1787
1785
1784
1784
1786
1786
1786
1790
1789
1789
1788
1789
1789
1792
1792
1792
1794
1793
1793
1792
1793
1796
1796
1797
1797
1800
1802
1802
1801
1800
1801
1801
1802
1801
1806
1806
1799
1799
1801
1803
1803
1806
1806
1805
1805
1803
1804
1804
1802
1801
1801
1801
1805
1803
1803
1801
1802
1801
1801
1800
1798
1797
1797
1798
1797
1797
1797
1798
1798
1796
1800
1800
1799
1798
1798
1798
1798
1790
1799
1800
1796
1796
1798
1797
1797
1794
1797
1795
1795
1794
1794
1796
1794
1794
1794
1794
1794
1792
1794
1794
1796
1793
1793
1792
1796
1796
1794
1793
1793
1790
1790
1790
1789
1789
1786
1787
1787
1789
1786
1786
1786
1786
1781
1782
1782
1782
1781
1781
1780
1778
1778
1776
1776
1778
1774
1774
1771
1770
1770
1767
1768
1768
1768
1768
1766
1766
1766
1766
1766
1765
1762
1763
1762
1758
1758
1764
1762
1762
1762
1762
1762
1764
1764
1764
1758
1762
1759
1759
1760
1761
1761
1757
1756
1756
1761
1760
1757
1764
1760
1759
1759
1760
1762
1762
1755
1755
1758
1755
1755
1756
1759
1759
1760
1762
1762
1759
1760
1760
1754
1757
1762
