1698
1680
1665
1646
1630
1626
1620
1613
1605
1596
1589
1579
1568
1568
1555
1541
1528
1528
1511
1439
1439
1248
1138
1051
1007
1007
1067
1067
1402
1683
1627
1531
1494
1463
1463
1435
1405
1372
1372
1343
1320
1320
1296
1269
1252
1236
1236
1206
1202
1202
1195
1184
1184
1183
1187
1187
1180
1174
1173
1173
1172
1067
1243
1243
1519
1495
1495
1478
1482
1484
1485
1485
1481
1484
1485
1487
1487
1489
1492
1492
1486
1479
1475
1475
1475
1474
1474
1474
1474
1468
1486
1508
1508
1532
1537
1563
1569
1569
1593
1615
1615
1628
1628
1651
1662
1662
1668
1655
1655
1686
1693
1693
1696
1700
1700
1699
1702
1702
1708
1713
1713
1713
1723
1718
1718
1706
1692
1692
1675
1655
1655
1641
1627
1613
1613
1600
1590
1590
1573
1553
1553
1537
1519
1519
1507
1484
1459
1459
1440
1412
1412
1381
1360
1321
1264
1264
1208
1072
993
993
938
942
979
979
997
1005
1005
999
985
985
990
1079
1079
1212
1379
1557
1557
1496
1496
1496
1509
1485
1463
1463
1438
1405
1383
1363
1344
1344
1331
1316
1316
1309
1309
1299
1311
1302
1302
1302
1304
1304
1303
1303
1308
1302
1302
1312
1325
1296
1296
1296
1308
1308
1306
1304
1275
1275
1236
1268
1268
1235
1100
1002
935
897
897
874
881
889
889
880
871
871
860
855
867
867
884
882
877
866
866
855
860
912
912
904
888
888
872
859
844
844
840
840
842
848
848
850
853
853
851
851
845
845
843
839
829
829
820
807
807
796
796
797
776
783
783
717
521
521
389
241
143
119
119
111
0
0
0
0
0
0
0
0
0
0
0
0
0
0
0
0
0
0
0
0
0
0
0
0
0
0
0
0
0
0
0
0
0
0
0
0
0
0
0
0
0
0
0
0
0
0
0
0
0
0
0
0
0
0
0
0
0
0
0
0
0
0
0
0
0
0
0
0
0
0
0
0
0
0
0
0
0
0
0
0
0
0
0
0
0
0
0
0
0
0
0
0
0
0
0
0
0
0
0
0
0
0
0
0
0
0
0
0
0
0
0
0
0
0
0
0
0
0
0
0
0
0
0
0
0
0
0
0
0
0
0
0
0
0
0
0
0
0
0
0
0
0
0
0
0
0
0
0
0
0
0
0
0
0
0
0
0
0
0
0
0
0
0
0
0
0
0
0
0
0
0
0
205
267
267
591
1011
1011
981
895
895
853
834
834
821
811
811
803
803
806
802
801
801
803
803
884
976
1083
1083
1077
1077
1056
1004
1004
999
998
993
993
1000
1004
1004
1003
999
999
988
988
994
1062
1062
1097
1115
1115
1087
1106
1106
1103
1119
1119
1181
1242
1255
1255
1310
1360
1360
1406
1484
1544
1636
1636
1725
1725
1821
1897
1904
1904
1843
1707
1707
1554
1554
1377
1037
1037
1176
1180
1153
1153
1218
1263
1435
1435
1480
1477
1474
1474
1514
1497
1481
1481
1477
1482
1477
1477
1467
1460
1460
1462
1444
1431
1431
1425
1416
1410
1410
1402
1401
1401
1390
1380
1363
1357
1358
1357
1357
1347
1348
1340
1340
1343
1344
1344
1336
1337
1337
1334
1334
1338
1336
1336
1334
1338
1343
1352
1352
1343
1352
1354
1358
1362
1362
1369
1369
1369
1373
1373
1369
1359
1356
1356
1348
1355
1360
1360
1390
1421
1421
1461
1501
1501
1561
1632
1709
1709
1771
1851
1851
1936
2039
1814
1814
1667
1369
1369
1244
1285
1285
1263
1285
1285
1316
1337
1337
1366
1393
1428
1428
1463
1496
1496
1538
1572
1600
1600
1645
1679
1679
1714
1749
1777
1884
1914
1950
1950
1979
2010
2044
2044
2026
1998
1998
1876
1743
1596
1596
1414
1414
1472
1466
1472
1472
1479
1487
1491
1488
1488
1461
1505
1505
1489
1487
1468
1455
1452
1452
1445
1450
1456
1456
1434
1434
1453
1450
1450
1455
1452
1452
1456
1463
1469
1469
1476
1483
1494
1494
1503
1512
1514
1525
1525
1523
1528
1532
1516
1524
1523
1523
1520
1509
1509
1522
1511
1518
1518
1523
1523
1520
1519
1523
1523
1516
1506
1522
1522
1498
1509
1491
1475
1475
1456
1454
1451
1457
1457
1451
1451
1444
1443
1443
1442
1435
1436
1433
1433
1432
1415
1438
1438
1403
1406
1391
1392
1377
1377
1385
1384
1371
1371
1359
1361
1361
1361
1361
1351
1355
1363
1363
1349
1327
1327
1352
1344
1332
1333
1330
1330
1322
1323
1315
1315
1315
1314
1314
1304
1311
1311
1307
1265
1229
1229
1204
1125
1125
1062
1019
1077
1077
1364
1477
1477
1444
1418
1403
1403
1391
1387
1377
1377
1368
1356
1355
1355
1353
1354
1354
1358
1359
1364
1393
1401
1376
1376
1414
1412
1412
1418
1419
1432
1433
1433
1431
1420
1420
1406
1406
1399
1407
1407
1401
1398
1398
1402
1400
1400
1399
1404
1398
1400
1407
1403
1403
1417
1419
1419
1441
1430
1425
1425
1427
1443
1461
1461
1481
1489
1499
1499
1524
1521
1527
1534
1534
1541
1553
1561
1561
1570
1576
1588
1592
1595
1601
1601
1602
1608
1618
1618
1618
1618
1618
1618
1626
1628
1628
1620
1624
1626
1626
1632
1625
1627
1636
1636
1638
1641
1643
1643
1645
1646
1646
1636
1621
1587
1556
1556
1547
1532
1532
1530
1538
1541
1534
1534
1534
1540
1550
1563
1577
1577
1577
1568
1574
1583
1590
1590
1590
1606
1606
1600
1597
1589
1589
1578
1567
1553
1553
1538
1526
1527
1527
1526
1527
1526
1528
1528
1524
1523
1530
1530
1538
1537
1537
1539
1541
1540
1563
1563
1572
1579
1588
1604
1604
1611
