1830
1831
1832
1834
1830
1829
1834
1835
1834
1837
1840
1839
1838
1839
1838
1838
1835
1837
1841
1841
1842
1844
1841
1841
1844
1843
1843
1847
1847
1850
1848
1850
1850
1848
1850
1852
1848
1854
1853
1852
1852
1849
1853
1854
1854
1855
1855
1850
1849
1853
1855
1855
1855
1850
1853
1853
1850
1853
1854
1854
1852
1851
1856
1853
1853
1852
1851
1853
1851
1851
1854
1850
1848
1849
1849
1854
1852
1852
1852
1852
1849
1849
1851
1853
1855
1855
1855
1855
1855
1854
1856
1857
1858
1856
1856
1858
1862
1862
1860
1856
1859
1861
1862
1860
1859
1859
1858
1858
1858
1860
1857
1857
1858
1863
1861
1861
1864
1860
1860
1860
1859
1855
1855
1860
1860
1863
1863
1863
1862
1862
1862
1861
1860
1857
1856
1856
1857
1857
1859
1859
1858
1859
1859
1860
1860
1858
1856
1856
1860
1851
1855
1855
1855
1858
1858
1852
1852
1851
1851
1851
1851
1851
1851
1850
1848
1850
1850
1851
1848
1849
1845
1847
1847
1851
1842
1845
1846
1843
1843
1843
1847
1847
1848
1841
1841
1839
1839
1843
1841
1843
1843
1845
1840
1841
1841
1840
1841
1844
1844
1835
1845
1845
1837
1835
1840
1842
1842
1842
1846
1837
1843
1843
1846
1843
1843
1846
1844
1841
1841
1845
1842
1843
1843
1847
1846
1844
1844
1843
1840
1837
1837
1835
1837
1835
1833
1830
1830
1830
1830
1825
1825
1828
1830
1826
1826
1828
1829
1830
1826
1825
1825
1827
1823
1829
1829
1830
1831
1831
1830
1828
1828
1828
1830
1828
1824
1822
1825
1826
1826
1831
1830
1830
1830
1830
1825
1824
1824
1826
1828
1829
1829
1827
1832
1830
1830
1827
1828
1828
1832
1830
1829
1829
1833
1829
1832
1833
1834
1834
1833
1833
1832
1833
1831
1831
1836
1835
1835
1836
1834
1833
1833
1835
1834
1836
1836
1840
1838
1838
1838
1839
1839
1841
1842
1842
1839
1839
1843
1843
1843
1843
1841
1841
1840
1838
1837
1840
1840
1841
1843
1842
1842
1842
1842
1840
1841
1842
1842
1841
1845
1840
1841
1843
1843
1845
1846
1847
1847
1844
1840
1844
1845
1847
1847
1847
1847
1847
1844
1846
1843
1841
1846
1846
1846
1845
1843
1843
1842
1843
1846
1846
1843
1845
1845
1842
1846
1843
1843
1844
1843
1839
1839
1841
1841
1844
1844
1841
1840
1840
1838
1834
1834
1833
1836
1836
1836
1837
1834
1834
1833
1830
1831
1830
1830
1830
1827
1828
1829
1829
1831
1829
1830
1826
1826
1826
1825
1823
1823
1823
1823
1826
1825
1825
1825
1820
1822
1822
1819
1817
1818
1818
1819
1818
1818
1817
1811
1811
1817
1822
1814
1814
1815
1825
1821
1821
1817
1814
1814
1821
1814
1815
1815
1815
1815
1813
1813
1813
1812
1811
1813
1813
1812
1812
1814
1815
1816
1814
1814
1814
1814
1810
1810
1811
1811
1814
1812
1808
1809
1809
1807
1809
1809
1809
1808
1808
1807
1807
1805
1803
1803
1805
1803
1801
1801
1805
1805
1805
1807
1807
1806
1808
1809
1809
1809
1809
1812
1812
1809
1811
1811
1796
1812
1811
1811
1811
1810
1810
1812
1808
1808
1812
1809
1809
1809
1811
1811
1811
1813
1814
1814
1812
1812
1815
1815
1817
1817
1816
1816
1818
1819
1820
1818
1818
1817
1817
1820
1820
1819
1819
1819
1820
1825
1825
1823
1823
1825
1825
1823
1823
1823
1826
1824
1825
1825
1821
1825
1829
1829
1824
1826
1826
1832
1829
1827
1827
1831
1828
1832
1830
1834
1833
1833
1792
1834
1833
1827
1827
1829
1826
1823
1823
1814
1812
1811
1811
1804
1802
1802
1801
1793
1785
1785
1783
1776
1771
1757
1757
1753
1748
1748
1741
1738
1738
1733
1728
1726
1726
1721
1718
1720
1712
1712
1709
1699
1697
1697
1695
1693
1693
1698
1689
1682
1679
1678
1669
1669
1669
1662
1664
1664
1656
1659
1657
1656
1656
1653
1652
1652
1649
1649
1647
1645
1641
1641
1644
1642
1642
1642
1643
1636
1636
1637
1630
1627
1626
1623
1618
1618
1620
1614
1613
1613
1611
1606
1602
1602
1599
1589
1589
1585
1583
1575
1575
1564
1555
1549
1541
1541
1533
1528
1518
1510
1499
1485
1485
1481
1476
1470
1470
1470
1460
1453
1451
1451
1450
1449
1449
1446
1445
1439
1439
1437
1437
1436
1436
1438
1434
1441
1441
1431
1436
1433
1438
1438
1436
1435
1439
1439
1443
1444
1444
1441
1443
1451
1451
1451
1460
1466
1466
1470
1479
1478
1490
1490
1501
1501
1510
1506
1502
1507
1516
1515
1520
1518
1515
1515
1513
1408
1226
1226
1113
1018
1465
1786
1786
1786
1790
1784
1784
1786
1783
1780
1784
1775
1775
1776
1771
1762
1762
1760
1754
1753
1753
1756
1752
1748
1742
1742
1743
1740
1742
1742
1739
1735
1735
1740
1735
1735
1725
1714
1718
1715
1719
1721
1722
1722
1721
1724
1722
1722
1723
1725
1725
1725
1737
1722
1722
1728
1736
1736
1740
1746
1746
1744
1749
1749
1754
1754
1761
1771
1778
1778
1812
1825
1835
1835
1842
1815
1815
1816
1726
1614
1614
1439
1252
1252
1046
1044
1044
1545
1540
1508
1508
1508
1513
1513
1511
1511
1520
1520
1515
1504
1510
1509
1504
1504
1499
1499
1498
1498
1477
1493
1488
1487
1487
1485
1486
1485
1492
1490
1490
1484
1491
1491
1494
1494
1500
1500
1500
1517
1516
1516
1521
1521
1521
1529
1531
1531
1538
1533
1547
1547
1547
1546
1546
1555
1555
1555
1561
1565
1565
1566
1571
1571
1574
1576
1576
1583
1581
1581
1591
1592
1606
1600
1609
1609
1611
1615
1617
1617
1622
1619
1627
1627
1630
1638
1638
1631
1641
1640
1640
1646
1647
1653
1653
1653
1660
1660
1656
1664
1663
1663
1674
1676
1683
1683
1682
1689
1689
1693
1691
1691
1695
1699
1699
1698
1705
1705
1709
1707
1707
1710
1717
1717
1715
1713
1713
1718
1687
1706
1706
1713
1711
1711
1705
1698
1699
1703
1696
1699
1701
