1592
1592
1569
1569
1586
1577
1577
1571
1581
1564
1564
1576
1570
1570
1573
1578
1576
1576
1592
1605
1602
1610
1610
1621
1621
1624
1624
1628
1628
1639
1644
1651
1651
1654
1654
1667
1667
1670
1657
1657
1659
1661
1661
1654
1654
1654
1654
1654
1670
1642
1642
1645
1645
1645
1636
1624
1605
1628
1628
1624
1624
1611
1607
1607
1607
1613
1613
1592
1603
1603
1600
1604
1604
1609
1609
1603
1614
1614
1611
1611
1611
1623
1623
1624
1624
1629
1638
1646
1646
1658
1666
1673
1680
1684
1684
1692
1692
1697
1701
1711
1711
1715
1721
1721
1727
1741
1741
1752
1761
1761
1769
1779
1779
1786
1786
1793
1802
1802
1811
1811
1818
1827
1834
1852
1851
1858
1824
1824
1852
1864
1864
1861
1865
1865
1861
1862
1862
1868
1868
1871
1871
1871
1877
1881
1881
1885
1885
1883
1885
1885
1892
1862
1862
1850
1850
1894
1869
1869
1872
1867
1867
1867
1868
1868
1871
1871
1869
1872
1872
1877
1880
1880
1881
1881
1878
1884
1884
1887
1886
1886
1888
1888
1892
1891
1891
1893
1895
1895
1900
1898
1898
1904
1907
1913
1917
1923
1919
1919
1926
1928
1928
1935
1926
1916
1916
1921
1832
1832
1690
1509
1509
1327
1170
1083
1083
1014
1014
980
1181
1181
1597
1570
1570
1574
1574
1570
1568
1573
1571
1571
1571
1574
1574
1572
1573
1578
1578
1570
1570
1576
1580
1574
1574
1575
1575
1575
1579
1579
1579
1574
1581
1584
1584
1577
1567
1567
1572
1566
1566
1566
1562
1559
1555
1553
1553
1554
1554
1554
1552
1550
1549
1549
1548
1549
1546
1546
1547
1545
1545
1547
1548
1548
1549
1551
1551
1547
1546
1547
1547
1546
1548
1548
1548
1549
1421
1244
1244
1135
1063
1707
1834
1834
1848
1842
1842
1843
1841
1841
1841
1839
1839
1839
1840
1835
1835
1837
1837
1830
1828
1833
1833
1827
1822
1823
1816
1814
1814
1809
1809
1812
1807
1807
1801
1803
1800
1800
1798
1798
1797
1797
1795
1799
1799
1786
1786
1808
1791
1800
1800
1798
1803
1801
1803
1802
1802
1802
1802
1799
1799
1799
1800
1803
1803
1802
1805
1805
1805
1805
1806
1806
1807
1807
1808
1807
1812
1812
1813
1813
1811
1821
1821
1821
1822
1822
1831
1832
1836
1836
1834
1837
1839
1839
1839
1842
1842
1848
1846
1846
1849
1854
1854
1854
1858
1858
1859
1862
1862
1854
1829
1829
1824
1833
1833
1833
1823
1819
1799
1789
1780
1780
1776
1765
1763
1763
1747
1741
1741
1761
1747
1747
1718
1718
1718
1719
1712
1712
1710
1705
1705
1706
1701
1701
1700
1698
1698
1699
1696
1697
1689
1690
1692
1692
1691
1691
1691
1683
1680
1680
1682
1684
1684
1681
1682
1682
1680
1682
1682
1683
1678
1678
1677
1677
1677
1677
1677
1654
1654
1659
1652
1665
1665
1655
1653
1653
1651
1642
1632
1625
1625
1621
1623
1623
1618
1615
1615
1616
1616
1610
1608
1608
1606
1602
1602
1601
1597
1591
1591
1593
1592
1592
1591
1587
1586
1586
1577
1572
1572
1572
1570
1570
1571
1566
1566
1538
1549
1549
1563
1552
1552
1552
1548
1548
1541
1541
1541
1538
1538
1534
1529
1527
1527
1522
1517
1517
1514
1511
1511
1504
1499
1490
1490
1488
1488
1489
1485
1485
1501
1478
1478
1475
1480
1474
1474
1477
1474
1474
1472
1474
1474
1472
1471
1474
1474
1469
1474
1471
1471
1461
1461
1464
1454
1454
1459
1462
1462
1464
1466
1466
1466
1473
1473
1478
1485
1488
1488
1492
1477
1476
1476
1478
1478
1485
1488
1507
1507
1485
1498
1498
1503
1513
1513
1519
1528
1531
1531
1538
1547
1547
1552
1561
1561
1545
1558
1558
1560
1571
1571
1567
1572
1572
1563
1563
1563
1563
1562
1564
1564
1561
1556
1556
1553
1554
1554
1548
1542
1531
1526
1519
1519
1513
1502
1326
1168
1168
1085
1023
1023
995
977
977
1108
1489
1489
1864
1844
1837
1837
1831
1842
1842
1861
1853
1849
1842
1876
1842
1842
1853
1851
1851
1848
1845
1847
1847
1845
1847
1847
1844
1846
1846
1841
1841
1841
1831
1828
1828
1826
1811
1792
1792
1780
1769
1769
1767
1767
1769
1766
1766
1769
1764
1764
1770
1789
1789
1773
1768
1768
1771
1777
1774
1774
1776
1759
1759
1779
1768
1768
1781
1768
1776
1776
1761
1754
1746
1735
1719
1719
1708
1708
1695
1691
1683
1683
1681
1672
1670
1670
1663
1663
1665
1664
1664
1664
1668
1668
1668
1669
1670
1670
1651
1466
1290
1066
1315
1371
1357
1367
1367
1366
1365
1369
1369
1376
1374
1374
1377
1380
1380
1380
1383
1383
1386
1387
1388
1388
1393
1388
1380
1380
1378
1371
1375
1371
1366
1366
1358
1358
1354
1348
1340
1322
1314
1314
1315
1315
1311
1313
1308
1308
1306
1303
1304
1304
1300
1295
1295
1292
1292
1285
1275
1275
1265
1252
1241
1201
1188
1181
1181
1173
1168
1164
1164
1160
1165
1165
1161
1166
1166
1171
1171
1180
1181
1181
1182
1188
1188
1180
1195
1081
1081
1014
1023
1023
1512
1513
1525
1525
1541
1541
1549
1557
1557
1572
1577
1584
1584
1598
1598
1602
1613
1624
1624
1624
1618
1610
1610
1626
1646
1653
1622
1622
1658
1631
1631
1627
1588
1524
1524
1506
1481
1481
1464
1450
1450
1435
1428
1428
1418
1417
1417
1409
1406
1399
1399
1403
1399
1399
1401
1398
1398
1395
1396
1397
1397
1397
1388
1388
1344
1336
1326
1326
1319
1315
1309
1309
1324
1319
1316
1316
1326
1340
1325
1325
1333
1333
1341
1338
1338
1347
1353
1354
1364
1368
1368
1378
1388
1388
1387
1399
1389
1401
1373
1408
1402
1404
1404
1402
1413
1413
1416
1431
1431
1416
1422
1424
1428
1428
1387
1420
1420
1431
1439
1439
1426
1434
1431
1437
1435
1438
1438
1439
1440
1440
1438
1444
1443
1443
1450
1450
1466
1466
1453
1461
1465
1465
1465
1465
1465
1465
1465