1719
1717
1713
1716
1713
1716
1714
1716
1716
1710
1713
1713
1715
1715
1713
1716
1716
1719
1717
1717
1715
1716
1716
1720
1719
1719
1718
1718
1718
1717
1719
1721
1718
1718
1722
1721
1721
1719
1719
1726
1726
1723
1722
1723
1726
1724
1724
1724
1724
1724
1725
1727
1727
1727
1725
1725
1726
1728
1728
1726
1726
1726
1728
1728
1728
1731
1731
1729
1732
1732
1733
1731
1731
1732
1730
1730
1730
1730
1731
1731
1731
1731
1732
1734
1729
1729
1725
1731
1730
1727
1727
1732
1730
1730
1727
1727
1721
1724
1724
1724
1727
1729
1729
1731
1727
1727
1724
1726
1726
1721
1723
1723
1727
1734
1734
1730
1726
1726
1729
1728
1728
1730
1729
1732
1732
1736
1736
1733
1733
1734
1738
1738
1746
1747
1754
1754
1758
1758
1760
1759
1765
1767
1767
1768
1772
1774
1774
1780
1780
1780
1787
1784
1787
1787
1793
1795
1795
1793
1796
1796
1798
1795
1797
1798
1798
1800
1800
1799
1799
1797
1798
1797
1797
1798
1798
1797
1796
1792
1792
1794
1794
1794
1792
1790
1787
1783
1779
1779
1773
1771
1771
1770
1768
1768
1766
1755
1755
1755
1755
1752
1752
1747
1749
1744
1744
1745
1740
1740
1726
1732
1726
1726
1718
1723
1718
1718
1709
1695
1695
1695
1695
1685
1684
1679
1679
1671
1661
1661
1661
1656
1649
1649
1647
1640
1640
1639
1636
1636
1626
1626
1626
1619
1619
1615
1609
1603
1603
1597
1585
1580
1580
1577
1577
1568
1569
1569
1575
1551
1551
1553
1553
1557
1529
1431
1431
1252
1132
1048
1048
1222
1222
1728
1823
1823
1810
1800
1800
1801
1796
1796
1790
1783
1783
1782
1782
1783
1785
1785
1785
1780
1778
1778
1776
1768
1767
1767
1767
1761
1763
1763
1764
1763
1763
1763
1761
1763
1759
1759
1761
1764
1764
1764
1762
1763
1763
1766
1767
1767
1767
1770
1770
1772
1772
1775
1775
1775
1778
1778
1778
1782
1783
1783
1787
1791
1795
1795
1797
1802
1802
1809
1809
1815
1815
1818
1806
1822
1806
1806
1810
1805
1805
1805
1798
1794
1794
1794
1790
1790
1788
1785
1783
1783
1779
1778
1778
1773
1771
1770
1770
1768
1772
1766
1766
1761
1760
1758
1755
1757
1757
1757
1757
1751
1752
1755
1755
1755
1756
1753
1751
1751
1755
1762
1762
1765
1764
1764
1771
1770
1772
1772
1773
1777
1777
1774
1778
1778
1782
1787
1789
1793
1795
1795
1797
1798
1798
1799
1803
1803
1805
1806
1806
1812
1811
1811
1810
1812
1812
1813
1813
1814
1815
1812
1812
1815
1818
1818
1812
1813
1813
1813
1814
1815
1816
1818
1818
1816
1815
1815
1816
1818
1810
1811
1811
1810
1807
1806
1801
1801
1804
1798
1798
1783
1776
1776
1783
1796
1772
1772
1771
1764
1762
1762
1762
1754
1755
1755
1754
1752
1752
1752
1751
1754
1754
1758
1756
1756
1750
1752
1752
1753
1752
1752
1752
1753
1753
1754
1749
1749
1751
1752
1752
1754
1752
1752
1752
1753
1753
1748
1734
1666
1666
1540
1368
1368
1285
1433
1445
1445
1437
1438
1438
1437
1437
1435
1435
1442
1435
1435
1445
1456
1456
1442
1448
1463
1457
1468
1468
1460
1467
1467
1466
1471
1471
1475
1472
1472
1486
1474
1474
1485
1481
1485
1485
1484
1484
1490
1487
1487
1495
1498
1498
1494
1496
1493
1493
1496
1494
1496
1496
1496
1496
1498
1498
1498
1500
1500
1499
1502
1502
1501
1501
1501
1510
1505
1505
1511
1517
1516
1524
1524
1528
1537
1537
1530
1530
1532
1547
1547
1536
1559
1559
1548
1567
1569
1569
1560
1584
1575
1575
1583
1592
1592
1593
1593
1611
1614
1606
1606
1614
1627
1627
1619
1621
1639
1639
1637
1633
1636
1636
1651
1660
1660
1660
1659
1659
1661
1677
1677
1671
1673
1673
1674
1677
1677
1685
1684
1684
1686
1687
1689
1689
1696
1703
1703
1701
1704
1704
1705
1707
1707
1717
1719
1728
1730
1730
1738
1738
1745
1745
1750
1710
1738
1738
1743
1743
1740
1736
1736
1741
1741
1740
1735
1735
1735
1734
1736
1736
1730
1730
1732
1735
1731
1731
1734
1735
1737
1736
1736
1736
1734
1734
1735
1737
1737
1736
1738
1744
1744
1742
1741
1741
1742
1747
1753
1753
1754
1754
1753
1753
1755
1761
1761
1760
1770
1770
1771
1770
1778
1779
1781
1781
1779
1782
1782
1785
1791
1786
1797
1797
1796
1797
1797
1797
1802
1804
1804
1803
1804
1804
1803
1806
1808
1809
1809
1808
1808
1808
1806
1809
1809
1813
1811
1811
1815
1816
1816
1803
1804
1813
1811
1807
1811
1811
1812
1812
1813
1813
1813
1812
1812
1812
1816
1816
1818
1818
1816
1820
1820
1817
1818
1818
1819
1818
1818
1821
1821
1822
1822
1824
1827
1827
1829
1829
1829
1824
1826
1826
1826
1827
1828
1828
1832
1830
1830
1831
1831
1829
1830
1829
1831
1831
1830
1830
1829
1835
1835
1834
1830
1830
1830
1830
1834
1836
1836
1834
1839
1839
1834
1834
1837
1840
1841
1841
1844
1844
1843
1843
1840
1839
1839
1842
1840
1841
1842
1842
1842
1842
1842
1844
1842
1840
1840
1840
1843
1843
1843
1844
1844
1844
1845
1841
1841
1844
1839
1839
1843
1840
1840
1846
1846
1846
1848
1842
1848
1845
1843
1847
1839
1839
1839
1839
1840
1838
1837
1837
1834
1834
1835
1835
1835
1834
1833
1833
1833
1835
1834
1834
1831
1828
1828
1829
1829
1829
1827
1827
1827
1828
1827
1827
1826
1824
1824
1825
1827
1826
1826
1827
1828
1828
1827
1825
1826
1826
1828
1826
1827
1826
1821
1821
1824
1824
1824
1822
1825
1825
1822
1822
1822
1823
1825
1825
1825
1825
1823
1822
1823
1820
1820
1822
1825
1825
1822
1822
1822
1823
1820
1820
1820
1821
1821
1819
1817
1817
1817
1817
1817
1817
1814
1815
1815
1811
1806
1806
1808
1807
1807
1806
1809
1810
1810
1807
1805
1806
1806
1806
1806
1808
1807
1807
1804
