1782
1785
1784
1779
1783
1783
1783
1784
1779
1783
1784
1786
1786
1786
1782
1783
1786
1786
1785
1783
1784
1784
1785
1786
1784
1783
1783
1787
1786
1786
1781
1783
1783
1780
1782
1782
1782
1780
1780
1781
1780
1782
1782
1787
1781
1784
1784
1787
1785
1789
1789
1786
1786
1785
1790
1791
1791
1789
1787
1787
1790
1787
1787
1792
1789
1792
1792
1792
1795
1795
1795
1794
1793
1793
1796
1797
1796
1796
1793
1795
1796
1796
1796
1801
1796
1797
1801
1801
1801
1804
1804
1800
1800
1800
1802
1810
1810
1808
1808
1803
1806
1806
1806
1805
1803
1803
1807
1807
1800
1800
1803
1804
1804
1804
1806
1800
1800
1798
1806
1806
1804
1799
1799
1799
1800
1802
1802
1804
1798
1798
1799
1798
1798
1798
1801
1801
1798
1795
1795
1795
1795
1798
1795
1795
1799
1797
1797
1796
1795
1801
1797
1799
1799
1805
1803
1803
1802
1806
1806
1808
1808
1807
1807
1807
1809
1811
1811
1811
1811
1815
1815
1812
1813
1813
1815
1815
1817
1814
1814
1811
1809
1809
1810
1810
1810
1813
1813
1811
1815
1818
1818
1817
1817
1817
1816
1814
1814
1817
1817
1814
1814
1814
1813
1813
1812
1813
1810
1810
1807
1811
1811
1811
1806
1808
1808
1809
1809
1808
1806
1806
1806
1808
1807
1807
1806
1805
1805
1806
1803
1808
1808
1809
1800
1800
1802
1801
1802
1802
1802
1802
1803
1798
1798
1800
1796
1799
1799
1786
1792
1790
1786
1786
1785
1787
1787
1780
1787
1787
1782
1782
1782
1779
1786
1790
1790
1789
1785
1785
1783
1786
1782
1782
1786
1786
1786
1783
1783
1783
1784
1785
1787
1787
1786
1788
1785
1785
1784
1791
1791
1790
1789
1789
1787
1788
1788
1789
1790
1790
1790
1786
1790
1790
1793
1793
1791
1788
1789
1789
1787
1790
1787
1787
1790
1790
1790
1792
1787
1787
1787
1790
1788
1793
1793
1792
1789
1790
1790
1793
1791
1794
1794
1792
1790
1790
1794
1797
1797
1796
1796
1798
1800
1798
1798
1796
1796
1798
1798
1798
1799
1797
1797
1797
1798
1798
1801
1801
1798
1798
1796
1794
1794
1794
1799
1797
1797
1795
1777
1786
1785
1785
1780
1779
1779
1778
1775
1766
1766
1768
1767
1763
1763
1758
1754
1755
1755
1753
1750
1681
1501
1501
1311
1148
1073
1073
1004
964
928
906
918
907
907
886
865
865
846
881
888
888
885
878
868
868
858
854
846
846
843
847
848
851
851
852
850
850
850
851
852
847
847
850
850
852
851
850
849
849
848
849
849
850
851
848
848
849
850
848
848
848
848
848
848
848
848
871
1972
1969
1965
1965
1965
1969
1963
1963
1968
1965
1993
1974
1974
1981
1992
1988
1988
1998
2008
2006
2006
2014
2023
2025
2025
2032
2038
2043
2043
2066
2069
2073
2073
2076
2084
2091
2091
2092
2097
2105
2106
2106
2103
2108
2108
2114
2120
2122
2104
2094
2094
2111
2106
2106
2106
2105
2103
2103
2089
2091
2087
2088
2088
2090
2078
2078
2075
2073
2073
2072
2072
2071
2064
2064
2065
2067
2067
2069
2071
2075
2075
2076
2079
2083
2083
2087
2087
2087
2092
2079
2079
1996
1878
1700
1518
1759
1759
1747
1749
1750
1743
1739
1739
1740
1745
1744
1747
1747
1749
1751
1751
1748
1749
1753
1753
1753
1752
1753
1752
1754
1757
1756
1756
1755
1754
1754
1755
1755
1754
1752
1752
1752
1752
1752
1752
1750
1757
1759
1737
1737
1706
1589
1589
1413
1271
1057
980
960
944
897
897
880
870
852
852
876
891
891
884
877
877
865
857
849
849
848
845
845
844
844
846
851
850
850
847
847
850
848
852
852
851
850
850
849
848
848
850
850
851
851
850
849
849
849
850
851
851
849
851
845
845
846
848
849
1256
1435
1435
1441
1455
1436
1432
1432
1431
1432
1431
1431
1437
1439
1444
1444
1447
1442
1460
1460
1445
1465
1458
1458
1463
1479
1479
1458
1481
1467
1494
1485
1485
1498
1492
1506
1498
1498
1514
1514
1504
1518
1509
1509
1527
1515
1515
1533
1523
1539
1532
1532
1546
1546
1543
1538
1538
1554
1543
1559
1566
1561
1536
1552
1552
1571
1567
1567
1548
1550
1550
1544
1546
1546
1542
1542
1546
1538
1538
1545
1547
1546
1546
1548
1543
1543
1548
1544
1550
1549
1558
1551
1551
1557
1554
1554
1554
1556
1553
1553
1561
1559
1559
1561
1559
1559
1559
1568
1568
1564
1567
1567
1566
1566
1566
1571
1568
1568
1577
1577
1577
1590
1590
1579
1587
1587
1591
1587
1588
1588
1599
1592
1599
1599
1600
1604
1604
1599
1610
1603
1603
1611
1610
1612
1612
1606
1620
1620
1614
1617
1617
1619
1629
1622
1622
1627
1629
1627
1627
1630
1630
1634
1634
1631
1635
1640
1640
1638
1639
1638
1645
1645
1636
1645
1642
1649
1649
1646
1647
1647
1649
1650
1652
1630
1630
1607
1512
1357
1203
1203
1110
1051
1007
1007
986
973
973
959
953
938
926
913
892
892
886
886
867
857
870
870
881
857
857
851
844
840
840
829
833
851
851
864
867
866
866
861
856
848
848
848
847
847
845
846
846
846
849
850
850
852
852
848
849
851
851
849
849
849
849
849
850
850
850
850
849
847
847
845
846
849
848
848
1282
1536
1560
1555
1555
1557
1554
1554
1563
1574
1574
1583
1587
1585
1585
1600
1604
1629
1641
1641
1657
1660
1660
1661
1669
1669
1693
1693
1699
1699
1708
1708
1715
1738
1738
1771
1780
1780
1785
1785
1793
1803
1803
1813
1822
1822
1834
1834
1845
1854
1856
1856
1868
1868
1868
1882
1891
1891
1903
1911
1920
1920
1923
1937
1931
1910
1636
1454
1309
1309
1622
1612
1612
1602
1595
1595
1599
1600
1600
1600
