773
784
777
776
782
780
777
786
777
783
776
779
779
783
775
785
782
784
787
765
716
856
1077
1008
1028
1016
1067
1334
1472
1739
1991
1908
1692
1275
1078
1096
1225
1279
1404
1521
1647
1687
1687
1725
1769
1814
1878
1911
1908
1910
1910
1867
1861
1822
1787
1721
1669
1550
1488
1435
1302
1174
1101
1064
913
800
1092
937
998
1006
1047
1145
1185
1228
1280
1484
1542
1578
1639
1657
1660
1661
1652
1628
1618
1622
1596
1596
1578
1549
1518
1518
1497
1455
1409
1356
1317
1189
802
787
809
793
785
783
788
779
777
785
810
939
902
1065
1252
1508
1878
1961
2057
1841
1624
1413
1208
1115
1127
1182
1176
1227
1282
1339
1404
1404
1509
1568
1568
1659
1659
1754
1814
1886
2047
2074
1869
1434
1332
1361
1350
1383
1383
1420
1476
1535
1550
1550
1557
1571
1593
1583
1594
1595
1606
1606
1617
1625
1640
1631
1648
1642
1661
1661
1649
1679
1681
1683
1674
1705
1692
1715
1729
1733
1723
1738
1758
1762
1773
1782
1782
1793
1801
1797
1802
1805
1793
1781
1775
1766
1761
1769
1744
1745
1736
1704
1634
1579
1565
1505
1448
1427
1380
1326
1250
1047
794
790
787
780
778
780
773
660
796
706
768
808
969
1110
1246
1325
1399
1469
1543
1624
1683
1735
1797
1872
1924
1924
1955
2016
2054
1585
1381
1420
1394
1457
1510
1541
1600
1622
1666
1712
1744
1763
1784
1797
1814
1822
1845
1848
1717
1329
1327
1339
1347
1270
1358
1314
1314
1327
1301
1316
1331
1331
1348
1338
1345
1336
1336
1328
1321
1322
1322
1313
1314
1294
1250
1249
1254
1226
1228
1235
1195
1176
1159
1151
1135
1122
1123
1110
1098
1104
1112
1121
1134
1132
1138
1154
1165
1169
1177
1188
1202
1212
1240
1241
1249
1265
1280
1280
1280
1278
1284
1289
1291
1295
1254
1311
1262
1259
1259
1309
1254
1254
1260
1266
1260
1270
1257
1276
1252
1245
1231
1224
1219
1203
1203
1186
1180
1171
1168
1168
1151
1141
1134
1120
1114
1105
1092
1088
1076
1075
1065
1065
1047
1050
1043
1007
1003
986
962
944
898
736
742
755
768
774
774
775
778
784
783
777
785
780
778
773
779
781
779
778
780
777
780
782
775
782
782
782
782
781
776
781
780
781
776
776
776
784
777
785
778
784
784
776
779
780
778
774
779
782
780
780
782
778
776
786
779
776
784
782
778
732
740
740
978
1244
1216
1181
1169
1024
926
954
904
883
851
812
809
784
777
777
776
783
785
779
782
777
777
787
775
783
782
783
781
768
734
1132
1113
927
919
850
800
800
755
671
674
828
884
851
908
872
831
831
791
790
790
771
781
778
755
989
864
941
968
1002
1083
1169
1169
1291
1380
1505
1671
1760
1825
1813
1585
1382
997
808
835
943
1050
951
1046
1138
1207
1249
1240
1243
1243
1228
1231
1211
1186
1158
1083
872
759
801
812
812
789
785
776
785
789
776
778
783
781
783
783
775
787
785
782
785
780
769
782
778
782
781
778
789
758
689
791
1038
1059
1070
1048
950
850
844
890
894
880
829
811
804
808
821
842
823
760
785
780
780
772
772
780
786
779
768
753
949
1036
1141
1326
1478
1544
1672
1571
1367
1168
798
1106
1097
1155
1316
1381
1381
1469
1485
1537
1570
1597
1597
1614
1639
1663
1689
1732
1732
1737
1769
1769
1783
1752
1538
1152
1161
1161
1182
1144
1228
1138
1219
1211
1223
1230
1242
1186
1213
1236
1212
1197
1192
1181
1180
1177
1172
1152
1117
1110
1084
1068
1056
1040
1030
1020
1007
1010
992
987
965
965
966
957
957
951
936
936
927
914
903
900
900
864
844
750
769
776
785
789
814
943
962
899
724
763
753
778
776
780
779
783
772
782
783
838
841
870
870
882
917
951
1037
1060
1072
1098
1098
1117
1130
1171
1190
1213
1236
1287
1318
1320
1355
1364
1398
1427
1470
1506
1532
1542
1533
1499
1465
1440
1413
1305
1291
1254
1226
1172
1151
1115
1115
1084
1065
1034
998
959
978
962
962
883
891
909
925
938
937
951
998
998
1036
1076
1132
1183
1183
1216
1244
1285
1351
1364
1361
1352
1357
1333
1318
1263
1240
1150
1108
1055
813
800
767
775
774
777
779
782
780
780
783
776
782
775
776
776
783
780
781
780
772
778
778
781
779
781
782
778
781
775
782
780
778
778
781
779
781
779
781
780
775
782
781
783
774
779
777
782
778
779
780
780
783
774
775
778
783
783
785
777
781
777
777
783
755
755
723
713
665
797
1049
1070
1093
1022
1022
992
1164
1281
1556
1672
1780
1963
1981
1517
1327
1110
1028
946
1040
1083
1112
1156
1250
1250
1288
1352
1315
1289
1289
1268
1231
1050
838
776
817
822
822
802
794
788
782
782
778
777
782
780
786
775
781
782
777
778
782
787
774
780
784
787
791
780
786
777
777
787
786
795
778
669
473
335
228
139
0
126
0
0
0
0
0
0
0
0
0
0
0
0
0
0
0
0
0
0
0
0
0
0
0
0
0
0
0
0
0
0
0
0
0
0
0
0
0
0
0
0
0
0
0
0
0
0
0
0
0
0
0
0
0
0
0
0
0
0
0
0
0
0
0
0
0
0
0
0
0
0
0
0
0
0
0
0
0
0
0
0
0
0
0
0
0
0
0
