2141
2114
2101
2091
2082
2076
2063
2054
2042
2104
2035
2090
2097
2105
2107
2101
2104
2101
2075
2060
2072
2067
2067
2134
2049
2049
2061
2063
2077
2088
2088
2101
2120
2120
2134
2134
2145
2175
2181
2181
2182
2199
2199
2214
2206
2231
2231
2226
2227
2230
2230
2226
2251
2234
2246
2268
2254
2254
2271
2252
2252
2259
2248
2244
2244
2225
2253
2277
2277
2210
2200
2200
2236
2181
2181
2199
2199
2199
2198
2214
2214
2201
2209
2219
2209
2231
2232
2223
2234
2231
2246
2246
2234
2253
2248
2248
2265
2259
2259
2273
2266
2266
2281
2284
2275
2275
2295
2291
2291
2293
2309
2213
2213
1980
1767
1702
1880
1742
1729
1729
1727
1728
1727
1727
1735
1704
1726
1731
1732
1732
1759
1689
1772
1737
1734
1705
1702
1725
1712
1719
1744
1682
1682
1716
1703
1703
1703
1714
1719
1716
1713
1731
1736
1731
1731
1732
1739
1739
1747
1754
1754
1751
1753
1758
1758
1751
1771
1778
1778
1783
1783
1777
1775
1766
1748
1755
1725
1679
1679
1699
1713
1713
1689
1682
1665
1709
1676
1654
1665
1667
1671
1671
1668
1669
1685
1678
1687
1687
1687
1688
1715
1713
1722
1722
1753
1753
1743
1740
1740
1742
1745
1752
1757
1757
1753
1754
1754
1755
1766
1772
1772
1770
1781
1781
1787
1785
1785
1769
1755
1726
1764
1726
1714
1714
1707
1789
1710
1710
1709
1718
1718
1726
1729
1730
1742
1742
1755
1760
1760
1760
1760
1764
1774
1774
1787
1787
1792
1798
1806
1805
1810
1810
1811
1813
1810
1810
1812
1812
1813
1813
1810
1796
1789
1767
1767
1717
1769
1769
1756
1732
1706
1706
1698
1684
1684
1660
1656
1628
1593
1604
1578
1578
1580
1587
1583
1583
1574
1574
1583
1583
1582
1577
1583
1589
1592
1591
1597
1601
1593
1605
1613
1607
1624
1620
1643
1647
1646
1662
1684
1677
1677
1698
1703
1706
1706
1723
1737
1737
1748
1755
1755
1749
1759
1756
1756
1743
1745
1745
1739
1747
1753
1753
1756
1751
1751
1757
1772
1778
1786
1786
1797
1797
1798
1803
1812
1812
1816
1810
1802
1802
1784
1784
1763
1753
1755
1738
1734
1723
1723
1698
1685
1679
1648
1647
1647
1618
1605
1596
1570
1556
1540
1534
1534
1514
1487
1487
1475
1456
1440
1440
1428
1421
1395
1395
1376
1372
1372
1348
1364
1352
1348
1392
1392
1420
1375
1386
1440
1438
1443
1455
1444
1465
1465
1445
1452
1437
1437
1460
1452
1462
1462
1463
1454
1449
1443
1446
1447
1446
1434
1434
1435
1434
1413
1422
1418
1474
1468
1457
1457
1454
1481
1497
1515
1526
1550
1565
1571
1591
1618
1618
1615
1638
1651
1660
1660
1667
1696
1696
1704
1721
1742
1742
1751
1780
1793
1811
1811
1835
1843
1854
1854
1848
1843
1830
1830
1792
1792
1947
1868
1868
1857
1845
1845
1847
1856
1856
1864
1859
1845
1845
1851
1837
1801
1801
1814
1814
1828
1831
1831
1813
1822
1798
1801
1791
1791
1789
1777
1776
1758
1758
1734
1732
1732
1730
1712
1687
1684
1684
1659
1638
1638
1628
1599
1599
1617
1592
1598
1551
1576
1576
1563
1569
1569
1558
1558
1532
1540
1523
1523
1494
1473
1473
1447
1427
1427
1399
1393
1389
1389
1358
1360
1332
1333
1333
1316
1350
1350
1351
1298
1299
1315
1314
1334
1327
1327
1350
1347
1347
1359
1359
1383
1387
1387
1401
1415
1376
1376
1386
1352
1374
1374
1379
1363
1358
1344
1344
1329
1315
1315
1311
1300
1273
1258
1258
1267
1267
1263
1249
1248
1248
1182
1181
1181
1169
1149
1149
1124
1113
1104
1104
1094
1111
1111
1047
1070
1070
1079
1083
1086
1089
1104
1097
1097
1109
1119
1117
1126
1126
1133
1133
1140
1142
1186
1213
1015
1015
827
851
1734
1459
1502
1507
1526
1539
1555
1570
1570
1603
1635
1635
1646
1677
1743
1778
1805
1914
1728
1526
1350
1351
1351
1466
1363
1285
1285
1334
1336
1336
1329
1311
1311
1295
1291
1281
1253
1250
1237
1233
1240
1284
1236
1236
1228
1266
1272
1303
1303
1305
1336
1328
1347
1349
1349
1354
1347
1310
1327
1341
1341
1342
1314
1275
1261
1261
1247
1235
1235
1210
1173
1167
1163
1163
1158
1158
1152
1152
1164
1164
1206
1191
1179
1166
1184
1174
1225
1184
1184
1195
1205
1196
1192
1186
1212
1212
1209
1208
1207
1203
1196
1202
1202
1197
1190
1178
1178
1175
1170
1160
1160
1157
1155
1140
1137
1137
1169
1174
1174
1153
1207
1221
1221
1243
1254
1254
1268
1292
1292
1312
1321
1352
1352
1352
1385
1393
1393
1401
1433
1447
1447
1459
1476
1476
1476
1504
1504
1509
1518
1529
1560
1560
1556
1563
1564
1574
1572
1576
1576
1559
1555
1572
1569
1571
1560
1551
1615
1615
1550
1554
1564
1581
1581
1590
1590
1594
1594
1618
1623
1639
1644
1670
1684
1693
1697
1697
1708
1700
1700
1700
1700
1711
1714
1714
1711
1717
1723
1723
1728
1714
1714
1721
1716
1703
1703
1688
1691
1691
1673
1666
1652
1652
1645
1626
1630
1630
1597
1583
1572
1543
1518
1495
1495
1474
1452
1411
1377
1377
1309
1309
1282
1253
1224
1224
1213
1208
1208
1199
1203
1203
1197
1188
1186
1186
1196
1239
1239
1223
1227
1227
1236
1236
1251
1266
1266
1283
1286
1286
1291
1319
1310
1310
1327
1340
1340
1334
1367
1367
1359
1380
1357
1357
1330
1365
1365
1366
1355
1355
1392
1338
1356
1356
1400
1400
1399
1442
1442
1442
1459
1458
1458
1474
1484
1501
1505
1505
1513
1517
1536
1542
1562
1573
1558
1578
1582
1582
1592
1585
1610
1610
1631
1635
1636
1647
1647
1650
1657
1659
1659
1673
1680
1680
1679
1690
1677
1677
1678
1656
1670
1648
1648
1627
1601
1583
1583
1552
1523
1495
1488
1468
1451
1437
1418
1418
1405
1389
1362
1367
1358
1359
1351
1351
1343
1337
1330
1324
1324
1303
1304
1300
1289
1287
