2257
1740
1742
1861
1753
1787
1800
1804
1815
1828
1831
1822
1832
1836
1845
1860
1862
1868
1862
1862
1871
1887
1881
1884
1884
1892
1892
1880
1880
1882
1891
1891
1877
1867
1861
1861
1856
1856
1882
1888
1888
1874
1880
1880
1875
1874
1880
1892
1892
1888
1916
1915
1936
1939
1939
1941
1954
1954
1955
1965
1972
1972
1955
1961
1931
1948
2002
1972
1950
1962
1951
1956
1956
1944
1950
1932
1940
1900
1900
1946
1920
1920
1907
1913
1902
1902
1886
1888
1879
1879
1856
1849
1849
1861
1865
1865
1847
1856
1856
1873
1839
1858
1858
1863
1860
1854
1854
1852
1852
1871
1881
1869
1869
1876
1880
1880
1880
1898
1899
1881
1881
1906
1904
1904
1901
1911
1915
1908
1908
1918
1907
1912
1912
1919
1918
1930
1922
1942
1942
1942
1935
1944
1944
1954
1949
1958
1955
1955
1966
1957
1946
1956
1932
1952
1941
1941
1933
1933
1933
1927
1936
1936
1909
1916
1916
1919
1888
1893
1893
1861
1900
1900
1860
1850
1846
1837
1879
1795
1797
1793
1793
1791
1786
1786
1782
1786
1786
1781
1784
1776
1780
1780
1780
1770
1767
1767
1765
1771
1772
1784
1789
1789
1792
1800
1804
1809
1816
1823
1823
1818
1823
1829
1838
1855
1855
1857
1862
1856
1856
1868
1883
1883
1882
1879
1879
1888
1907
1907
1897
1906
1908
1908
1890
1876
1876
1923
1871
1874
1874
1865
1848
1847
1847
1837
1843
1832
1832
1822
1815
1815
1814
1812
1831
1808
1793
1790
1790
1788
1777
1778
1771
1744
1744
1734
1746
1744
1744
1741
1723
1723
1712
1713
1713
1685
1685
1682
1663
1655
1637
1637
1629
1601
1598
1598
1579
1559
1552
1549
1540
1583
1583
1556
1527
1527
1538
1546
1557
1565
1565
1574
1587
1587
1589
1600
1618
1618
1601
1594
1594
1584
1587
1587
1589
1597
1597
1573
1573
1568
1567
1559
1538
1538
1521
1506
1491
1475
1457
1457
1440
1425
1392
1387
1380
1358
1358
1362
1340
1340
1340
1326
1324
1318
1349
1291
1291
1333
1333
1335
1343
1343
1355
1356
1376
1376
1383
1395
1406
1406
1406
1442
1442
1442
1450
1450
1455
1455
1472
1485
1499
1499
1510
1513
1513
1533
1536
1536
1553
1568
1568
1588
1591
1606
1625
1628
1654
1655
1679
1679
1685
1701
1715
1723
1734
1740
1739
1711
1735
1735
1747
1744
1744
1739
1728
1725
1725
1726
1708
1708
1696
1697
1680
1680
1676
1667
1642
1642
1645
1631
1609
1559
1559
1542
1528
1528
1511
1489
1471
1471
1457
1440
1434
1434
1422
1411
1411
1403
1406
1406
1398
1390
1427
1427
1405
1420
1432
1432
1449
1448
1457
1462
1470
1470
1481
1492
1503
1514
1517
1499
1499
1503
1487
1520
1495
1499
1493
1517
1484
1484
1515
1515
1527
1546
1546
1550
1560
1560
1563
1575
1575
1599
1625
1624
1624
1643
1644
1667
1667
1663
1667
1674
1674
1688
1688
1688
1673
1682
1682
1654
1693
1693
1740
1710
1697
1709
1709
1703
1711
1711
1721
1723
1715
1726
1726
1728
1718
1718
1722
1726
1738
1740
1742
1742
1747
1764
1764
1770
1782
1784
1788
1788
1784
1762
1762
1790
1778
1784
1784
1775
1778
1778
1781
1786
1786
1789
1799
1807
1813
1813
1800
1796
1800
1800
1794
1788
1788
1786
1786
1786
1776
1763
1763
1787
1775
1775
1758
1753
1753
1742
1745
1737
1737
1732
1718
1704
1702
1682
1672
1650
1650
1637
1637
1637
1624
1635
1635
1607
1637
1637
1648
1646
1664
1658
1678
1682
1682
1692
1712
1721
1721
1733
1739
1739
1760
1777
1777
1787
1792
1802
1823
1823
1823
1829
1822
1812
1812
1792
1824
1802
1802
1804
1799
1799
1788
1781
1777
1777
1758
1753
1744
1744
1757
1773
1736
1733
1733
1733
1723
1731
1733
1722
1719
1719
1725
1703
1679
1715
1700
1700
1678
1690
1674
1676
1679
1652
1652
1667
1660
1670
1643
1617
1612
1633
1633
1618
1622
1622
1597
1582
1577
1577
1579
1572
1572
1564
1551
1544
1544
1537
1538
1538
1535
1535
1523
1519
1509
1509
1502
1502
1497
1488
1488
1481
1481
1481
1468
1455
1455
1448
1439
1441
1441
1439
1433
1421
1425
1458
1458
1437
1410
1407
1405
1401
1401
1402
1401
1391
1390
1395
1384
1394
1391
1386
1391
1391
1371
1372
1355
1355
1370
1354
1346
1331
1314
1314
1304
1285
1273
1273
1267
1254
1254
1242
1225
1225
1217
1204
1204
1193
1181
1181
1180
1180
1161
1152
1152
1148
1127
1127
1115
1107
1097
1079
1076
1064
1059
932
932
757
757
774
774
778
770
770
831
986
1049
864
864
732
768
768
796
802
792
782
782
777
784
785
779
779
780
783
779
784
780
782
782
778
775
787
787
779
782
777
777
777
780
780
782
785
785
785
782
782
781
773
781
781
781
1102
1102
1852
1672
1638
1679
1719
1775
1841
1902
1970
2048
2090
2167
2218
2258
2258
2336
2380
2431
2406
2192
2192
1939
1720
1589
1768
1645
1647
1681
1681
1713
1738
1801
1867
1867
1909
1918
1918
1956
1966
1999
1999
1998
2013
2031
2044
2044
1873
1656
1486
1486
1490
1469
1605
1507
1508
1516
1516
1531
1542
1542
1544
1546
1547
1569
1587
1599
1601
1601
1635
1642
1675
1677
1710
1710
1727
1734
1749
1769
1793
1808
1808
1820
1815
1815
1821
1833
1852
1864
1864
1858
1630
1464
1453
1453
1558
1517
1460
1460
1482
1483
1490
1490
1495
1498
1503
1503
1497
1501
1501
1510
1517
1517
1519
1523
1532
1526
1526
1514
1514
1500
1502
1470
1470
1496
1493
1512
1472
1472
1511
1511
1515
1515
1499
1504
1521
1531
1516
1516
1516
1519
1508
1478
1478
1538
1497
1524
1524
1526
1526
1542
1549
1567
1567
1573
1587
1602
1602
1615
1633
1638
1638
1640
1657
1670
1670
1667
1688
1699
1699
1707
1716
1729
1729
1728
1745
1752
1761
