1209
1194
1253
1177
1234
1251
1265
1286
1286
1310
1353
1360
1381
1404
1404
1395
1394
1351
1390
1387
1387
1377
1379
1359
1362
1348
1348
1352
1335
1335
1336
1321
1321
1316
1310
1310
1287
1266
1266
1259
1262
1262
1258
1245
1245
1242
1228
1226
1226
1223
1262
1262
1239
1259
1257
1257
1270
1289
1304
1318
1318
1337
1339
1370
1370
1374
1399
1420
1429
1429
1447
1475
1485
1485
1498
1495
1501
1501
1505
1503
1505
1505
1510
1514
1514
1519
1516
1516
1520
1526
1526
1537
1542
1542
1559
1552
1552
1567
1558
1571
1571
1587
1603
1599
1599
1580
1573
1573
1579
1563
1563
1570
1558
1558
1560
1553
1534
1524
1524
1527
1550
1489
1489
1460
1503
1503
1498
1479
1470
1470
1458
1458
1450
1436
1430
1430
1425
1446
1378
1378
1451
1423
1421
1421
1411
1414
1419
1419
1412
1416
1423
1423
1418
1418
1418
1422
1427
1414
1410
1410
1404
1349
1349
1381
1394
1374
1359
1350
1333
1317
1317
1295
1293
1293
1277
1262
1262
1253
1253
1289
1287
1276
1276
1267
1295
1295
1306
1307
1307
1330
1335
1335
1358
1368
1390
1390
1399
1408
1408
1436
1436
1441
1435
1435
1444
1438
1430
1417
1431
1398
1398
1429
1409
1409
1399
1382
1382
1380
1366
1366
1362
1347
1341
1327
1320
1320
1298
1285
1285
1273
1203
1203
1181
1161
1161
1132
1050
1050
857
771
771
813
804
804
791
787
787
781
784
784
784
775
784
784
783
781
781
817
1230
1065
1068
1085
1085
1116
1116
1132
1168
1185
1215
1244
1244
1273
1309
1328
1328
1365
1365
1379
1417
1445
1477
1495
1538
1538
1562
1584
1598
1598
1633
1644
1680
1693
1693
1721
1749
1919
1673
1478
1329
1329
1339
1379
1320
1320
1347
1359
1367
1367
1383
1400
1400
1404
1428
1428
1438
1455
1450
1450
1456
1456
1449
1463
1463
1462
1466
1480
1471
1475
1481
1481
1486
1498
1503
1503
1508
1524
1540
1527
1527
1528
1524
1488
1513
1507
1498
1486
1473
1465
1448
1448
1438
1427
1427
1427
1422
1422
1402
1446
1446
1385
1417
1436
1445
1445
1454
1472
1472
1491
1509
1525
1525
1552
1578
1589
1589
1569
1581
1599
1599
1583
1589
1589
1591
1591
1588
1586
1586
1574
1572
1603
1585
1571
1581
1581
1574
1574
1574
1606
1606
1545
1578
1561
1571
1571
1564
1558
1541
1541
1558
1564
1559
1552
1552
1541
1534
1535
1545
1593
1525
1525
1543
1544
1565
1565
1556
1556
1529
1580
1580
1555
1574
1574
1567
1569
1568
1568
1575
1575
1575
1566
1569
1575
1575
1572
1570
1570
1568
1576
1576
1574
1574
1573
1567
1567
1566
1554
1544
1534
1534
1526
1499
1465
1392
1208
1208
998
811
763
828
809
793
786
794
783
778
778
783
781
777
777
781
780
780
771
781
781
777
777
778
785
790
790
795
846
1036
1036
1029
1029
1066
1003
1003
1063
1079
1079
1072
1081
1102
1102
1138
1153
1153
1169
1187
1205
1205
1229
1250
1283
1305
1305
1330
1340
1340
1371
1391
1391
1399
1428
1428
1445
1455
1472
1472
1486
1501
1528
1539
1539
1568
1576
1583
1604
1623
1632
1659
1659
1663
1687
1699
1706
1725
1744
1744
1748
1757
1757
1768
1780
1787
1787
1795
1803
1803
1812
1823
1823
1835
1856
1856
1841
1845
1822
1822
1799
1810
1810
1821
1811
1804
1804
1795
1783
1777
1796
1719
1806
1806
1768
1767
1769
1769
1765
1761
1761
1761
1759
1768
1770
1775
1775
1775
1778
1767
1767
1766
1748
1746
1734
1734
1774
1721
1721
1728
1724
1724
1754
1733
1740
1740
1713
1726
1727
1727
1717
1715
1715
1721
1727
1727
1717
1720
1729
1729
1728
1728
1726
1722
1731
1731
1729
1719
1719
1709
1715
1680
1680
1714
1693
1679
1682
1666
1665
1665
1648
1648
1639
1615
1613
1613
1595
1569
1569
1563
1562
1562
1541
1532
1519
1519
1503
1497
1488
1488
1489
1483
1483
1475
1466
1464
1464
1447
1448
1448
1488
1432
1444
1458
1458
1465
1462
1471
1471
1477
1486
1486
1489
1499
1509
1509
1513
1521
1529
1529
1549
1554
1559
1585
1586
1583
1590
1601
1601
1616
1616
1615
1628
1619
1619
1636
1639
1629
1629
1634
1634
1637
1626
1629
1625
1625
1616
1613
1594
1594
1598
1616
1588
1588
1606
1645
1590
1583
1591
1591
1588
1593
1587
1567
1567
1564
1545
1576
1576
1565
1551
1551
1568
1502
1538
1538
1543
1547
1547
1543
1545
1552
1552
1561
1563
1563
1563
1549
1551
1531
1537
1537
1533
1521
1521
1511
1517
1544
1481
1503
1510
1508
1508
1522
1522
1524
1528
1528
1525
1531
1531
1533
1527
1527
1532
1531
1537
1535
1535
1534
1530
1551
1551
1521
1520
1532
1528
1531
1532
1532
1531
1531
1528
1528
1529
1524
1524
1510
1519
1519
1522
1528
1528
1528
1539
1541
1541
1544
1542
1542
1536
1538
1545
1557
1556
1550
1550
1550
1550
1552
1553
1553
1534
1546
1534
1526
1522
1522
1514
1506
1506
1500
1510
1550
1500
1485
1485
1488
1484
1486
1475
1442
1481
1481
1454
1458
1456
1456
1443
1438
1422
1422
1422
1419
1419
1401
1391
1373
1373
1353
1344
1326
1326
1308
1294
1294
1278
1263
1263
1254
1255
1255
1246
1252
1300
1329
1329
1290
1282
1280
1280
1297
1306
1306
1307
1319
1332
1344
1344
1359
1369
1389
1404
1404
1416
1424
1444
1444
1462
1478
1489
1483
1494
1494
1497
1495
1504
1504
1502
1502
1502
1507
1516
1516
1527
1519
1519
1507
1511
1511
1517
1517
1528
1517
1499
1499
1501
1501
1486
1444
1408
1408
1403
1375
1375
1338
1311
1311
1267
1194
1155
1153
1153
1147
1135
1127
1127
1115
1104
1104
1083
1068
1049
1032
1032
1010
995
977
953
953
938
920
899
899
890
874
866
866
870
867
867
854
854
859
867
838
838
