1455
1527
1596
1636
1653
1709
1730
1756
1774
1788
1801
1813
1824
1830
1837
1841
1847
1862
1862
1856
1881
1884
1884
1935
1958
1989
2046
2114
2321
2053
1495
1526
1568
1507
1507
1513
1518
1534
1530
1544
1556
1574
1581
1580
1609
1609
1622
1639
1643
1673
1667
1689
1688
1705
1705
1721
1719
1724
1741
1753
1769
1784
1789
1821
1831
1861
1867
1885
1904
1907
1946
1947
1959
1975
1972
1997
2004
2039
2040
2048
2060
2083
2083
2092
2099
2094
2093
2094
2088
2083
2055
2050
2036
2031
2023
1990
1978
1974
1936
1934
1882
1882
1855
1838
1823
1785
1768
1725
1702
1686
1648
1625
1618
1602
1596
1596
1596
1611
1606
1608
1622
1613
1627
1637
1636
1646
1653
1665
1666
1680
1684
1706
1706
1713
1711
1724
1731
1725
1726
1737
1754
1780
1780
1786
1798
1805
1826
1833
1850
1861
1889
1891
1886
1909
1877
1866
1787
1787
1771
1691
1636
1594
1567
1540
1540
1519
1503
1484
1466
1459
1442
1433
1433
1405
1388
1384
1384
1384
1390
1361
1364
1368
1384
1378
1394
1394
1403
1403
1416
1432
1441
1448
1477
1490
1500
1512
1532
1538
1565
1588
1600
1627
1652
1658
1707
1718
1728
1759
1778
1778
1789
1804
1817
1831
1834
1848
1861
1887
1897
1898
1902
1902
1890
1837
1865
1866
1851
1840
1820
1813
1788
1788
1788
1768
1758
1709
1691
1307
906
755
814
793
781
778
786
862
902
902
1090
1193
1415
1415
1503
1770
2336
2416
2262
2325
2385
2385
2444
2520
2617
2707
2777
2496
2213
2213
1852
1892
1892
2062
1837
1918
1918
1954
1976
2019
2114
2203
2262
2294
2382
2382
2011
1794
1754
1779
1784
1717
1785
1799
1827
1870
1888
1899
1958
1985
1996
2032
2032
2057
2087
2105
2128
2128
2152
2177
2175
2171
2086
1845
1712
1710
1701
1714
1707
1711
1711
1710
1724
1720
1725
1742
1748
1766
1780
1797
1823
1835
1843
1846
1846
1836
1840
1787
1797
1815
1774
1776
1777
1782
1782
1785
1788
1795
1804
1811
1818
1827
1836
1845
1845
1857
1872
1890
1894
1897
1920
1923
1946
1966
1966
1964
1991
1988
2002
2019
2017
2020
2054
2065
2062
2083
2097
2115
2138
2152
2161
2160
2173
2196
2190
2205
2194
2172
2170
2170
2167
2138
2139
2131
2129
2125
2123
2110
2089
2089
2083
2063
2049
2033
2028
2000
2000
1994
2011
1972
1988
1988
1961
1958
1949
1949
1935
1930
1907
1905
1894
1893
1893
1874
1865
1853
1853
1852
1846
1814
1814
1801
1778
1763
1788
1774
1739
1712
1693
1512
1300
1098
905
743
709
709
771
943
1078
1266
1266
1481
1676
1806
1769
1766
1748
1743
1746
1746
1709
1735
1741
1732
1769
1785
1804
1819
1830
1854
1895
1913
1933
1934
1963
1981
1978
1999
1981
1991
1977
1977
1977
1981
1942
1924
1929
1952
1952
1924
1920
1921
1913
1909
1898
1878
1880
1862
1866
1841
1831
1816
1818
1809
1809
1801
1783
1772
1745
1735
1705
1703
1679
1678
1658
1636
1625
1644
1674
1604
1614
1614
1602
1590
1590
1585
1592
1592
1575
1560
1550
1552
1554
1554
1554
1526
1514
1514
1517
1524
1534
1542
1554
1558
1576
1598
1610
1610
1617
1640
1639
1665
1664
1710
1756
1778
1812
1849
1869
1876
1919
1928
1936
1949
1980
1980
1981
2000
2001
2023
2161
1721
1566
1558
1548
1548
1615
1577
1577
1572
1573
1588
1579
1591
1591
1606
1611
1627
1627
1649
1650
1668
1667
1685
1690
1697
1727
1732
1746
1755
1748
1745
1745
1758
1743
1750
1751
1743
1743
1744
1750
1750
1741
1737
1737
1748
1747
1741
1738
1738
1738
1748
1753
1751
1742
1743
1752
1751
1755
1747
1745
1742
1754
1752
1749
1737
1729
1735
1696
1707
1681
1657
1659
1644
1623
1625
1611
1596
1600
1567
1561
1550
1543
1528
1520
1517
1515
1499
1484
1483
1474
1468
1465
1465
1461
1461
1459
1449
1440
1439
1444
1444
1440
1431
1426
1431
1433
1429
1425
1436
1430
1425
1427
1432
1423
1432
1428
1434
1443
1431
1432
1430
1415
1418
1419
1402
1393
1387
1377
1377
1359
1375
1362
1362
1341
1333
1326
1313
1313
1317
1304
1295
1290
1284
1271
1266
1270
1280
1248
1269
1241
1243
1246
1239
1244
1238
1246
1244
1260
1242
1205
1192
1184
1173
1176
1166
1157
1149
1139
1139
1130
1131
1131
1141
1148
1101
1121
1121
1110
1099
1100
1100
1090
1090
1082
1063
1068
1048
1015
873
779
748
748
748
773
769
910
1170
1165
1155
1152
1172
1160
1132
1134
1130
1155
1156
1138
1131
1159
1159
1100
1119
1108
1089
1084
1063
1061
1045
1051
1045
1066
1030
1032
1032
1056
1075
1078
1072
1072
1078
1089
1084
1102
1102
1099
1122
1142
1172
1172
1188
1209
1209
1220
1251
1264
1264
1279
1321
1343
1346
1376
1386
1385
1385
1396
1397
1402
1399
1394
1393
1396
1400
1395
1402
1403
1418
1423
1423
1422
1427
1438
1429
1429
1455
1452
1459
1455
1452
1459
1462
1462
1461
1464
1463
1452
1443
1438
1439
1436
1420
1412
1412
1403
1396
1388
1377
1361
1364
1350
1337
1336
1318
1308
1303
1289
1286
1290
1279
1279
1278
1292
1294
1300
1317
1317
1317
1325
1325
1320
1332
1327
1346
1345
1350
1350
1341
1349
1344
1341
1332
1332
1327
1293
1333
1302
1302
1287
1269
1269
1233
1199
1010
768
774
792
794
773
781
788
780
778
774
787
777
778
777
791
776
777
785
787
769
778
782
777
777
765
778
790
774
774
780
791
780
773
784
779
774
787
789
775
772
779
793
781
775
786
777
779
780
785
777
773
784
785
784
779
782
787
775
777
786
776
773
786
781
778
778
774
780
794
775
765
772
789
791
777
787
787
774
776
786
786
776
769
769
788
789
776
786
